26 157
1 7
1 11
1 18
1 23
1 24
3 18 23 24
3 11 23 24
3 7 23 24
3 7 11 24
3 7 18 23
3 7 11 23
3 7 11 18
3 7 18 24
3 11 18 23
3 11 18 24
2 7 23
2 18 23
2 23 24
5 7 11 18 23 24
2 11 23
4 11 18 23 24
4 7 11 18 24
4 7 11 23 24
2 7 11
4 7 11 18 23
2 18 24
1 25
1 9
1 16
1 17
1 19
3 9 17 25
3 17 19 25
3 9 16 19
3 16 19 25
3 9 16 25
3 16 17 25
3 9 19 25
3 9 16 17
3 16 17 19
3 9 17 19
2 19 25
2 17 19
5 9 16 17 19 25
4 9 16 17 25
4 9 16 17 19
4 9 17 19 25
2 16 25
2 17 25
2 16 19
4 16 17 19 25
2 9 25
4 9 16 19 25
2 16 17
1 10
1 12
1 15
1 4
1 5
3 4 10 12
3 4 12 15
3 4 10 15
3 4 5 15
3 4 5 12
3 5 10 12
3 5 10 15
3 5 12 15
3 10 12 15
3 4 5 10
5 4 5 10 12 15
4 5 10 12 15
2 10 12
4 4 10 12 15
4 4 5 12 15
4 4 5 10 12
4 4 5 10 15
2 10 15
1 1
1 2
1 13
1 20
1 21
3 1 2 20
3 2 13 20
3 1 13 21
3 13 20 21
3 1 2 13
3 1 20 21
3 1 2 21
3 1 13 20
3 2 13 21
3 2 20 21
2 1 20
2 1 21
2 2 20
2 2 21
2 13 20
2 13 21
2 20 21
5 1 2 13 20 21
2 1 2
4 1 2 13 20
4 2 13 20 21
4 1 2 13 21
4 1 2 20 21
1 26
1 6
1 8
1 14
1 3
1 22
3 8 14 22
3 3 6 26
3 3 8 26
3 6 8 22
3 3 6 8
3 6 14 26
3 14 22 26
3 6 22 26
3 8 14 26
3 6 8 14
3 8 22 26
3 3 6 22
3 6 8 26
3 3 6 14
3 3 22 26
3 3 8 14
3 6 14 22
3 3 8 22
3 3 14 22
3 3 14 26
2 22 26
2 6 22
2 14 26
2 3 26
2 3 22
6 3 6 8 14 22 26
2 3 6
5 3 6 14 22 26
2 6 26
4 6 8 14 26
2 3 14
5 3 6 8 14 26
6 1 4 8 12 21 26
5 1 3 4 10 20
4 4 7 15 18
4 1 8 21 22
3 10 15 20
4 6 12 14 25
5 6 11 16 25 26
4 1 3 8 10
4 4 10 16 17
3 7 15 23
3 7 24 26
3 4 15 17
4 5 6 10 22
3 10 15 26
