21 1759
3 1 2 3
3 1 4 5
5 1 2 3 4 5
3 2 6 7
5 1 2 3 6 7
7 1 2 3 4 5 6 7
3 2 8 9
5 1 2 3 8 9
7 1 2 3 4 5 8 9
5 2 6 7 8 9
7 1 2 3 6 7 8 9
9 1 2 3 4 5 6 7 8 9
3 4 8 10
5 1 4 5 8 10
7 1 2 3 4 5 8 10
9 1 2 3 4 5 6 7 8 10
5 2 4 8 9 10
7 1 2 3 4 8 9 10
7 1 2 4 5 8 9 10
8 1 2 3 4 5 8 9 10
7 2 4 6 7 8 9 10
9 1 2 3 4 6 7 8 9 10
9 1 2 4 5 6 7 8 9 10
10 1 2 3 4 5 6 7 8 9 10
3 4 11 12
5 1 4 5 11 12
7 1 2 3 4 5 11 12
9 1 2 3 4 5 6 7 11 12
9 1 2 3 4 5 8 9 11 12
11 1 2 3 4 5 6 7 8 9 11 12
5 4 8 10 11 12
7 1 4 5 8 10 11 12
9 1 2 3 4 5 8 10 11 12
11 1 2 3 4 5 6 7 8 10 11 12
7 2 4 8 9 10 11 12
9 1 2 3 4 8 9 10 11 12
9 1 2 4 5 8 9 10 11 12
10 1 2 3 4 5 8 9 10 11 12
9 2 4 6 7 8 9 10 11 12
11 1 2 3 4 6 7 8 9 10 11 12
11 1 2 4 5 6 7 8 9 10 11 12
12 1 2 3 4 5 6 7 8 9 10 11 12
3 6 13 14
5 2 6 7 13 14
7 1 2 3 6 7 13 14
9 1 2 3 4 5 6 7 13 14
7 2 6 7 8 9 13 14
9 1 2 3 6 7 8 9 13 14
11 1 2 3 4 5 6 7 8 9 13 14
11 1 2 3 4 5 6 7 8 10 13 14
9 2 4 6 7 8 9 10 13 14
11 1 2 3 4 6 7 8 9 10 13 14
11 1 2 4 5 6 7 8 9 10 13 14
12 1 2 3 4 5 6 7 8 9 10 13 14
11 1 2 3 4 5 6 7 11 12 13 14
13 1 2 3 4 5 6 7 8 9 11 12 13 14
13 1 2 3 4 5 6 7 8 10 11 12 13 14
11 2 4 6 7 8 9 10 11 12 13 14
13 1 2 3 4 6 7 8 9 10 11 12 13 14
13 1 2 4 5 6 7 8 9 10 11 12 13 14
14 1 2 3 4 5 6 7 8 9 10 11 12 13 14
3 8 13 15
5 2 8 9 13 15
7 1 2 3 8 9 13 15
9 1 2 3 4 5 8 9 13 15
7 2 6 7 8 9 13 15
9 1 2 3 6 7 8 9 13 15
11 1 2 3 4 5 6 7 8 9 13 15
5 4 8 10 13 15
7 1 4 5 8 10 13 15
9 1 2 3 4 5 8 10 13 15
11 1 2 3 4 5 6 7 8 10 13 15
7 2 4 8 9 10 13 15
9 1 2 3 4 8 9 10 13 15
9 1 2 4 5 8 9 10 13 15
10 1 2 3 4 5 8 9 10 13 15
9 2 4 6 7 8 9 10 13 15
11 1 2 3 4 6 7 8 9 10 13 15
11 1 2 4 5 6 7 8 9 10 13 15
12 1 2 3 4 5 6 7 8 9 10 13 15
11 1 2 3 4 5 8 9 11 12 13 15
13 1 2 3 4 5 6 7 8 9 11 12 13 15
7 4 8 10 11 12 13 15
9 1 4 5 8 10 11 12 13 15
11 1 2 3 4 5 8 10 11 12 13 15
13 1 2 3 4 5 6 7 8 10 11 12 13 15
9 2 4 8 9 10 11 12 13 15
11 1 2 3 4 8 9 10 11 12 13 15
11 1 2 4 5 8 9 10 11 12 13 15
12 1 2 3 4 5 8 9 10 11 12 13 15
11 2 4 6 7 8 9 10 11 12 13 15
13 1 2 3 4 6 7 8 9 10 11 12 13 15
13 1 2 4 5 6 7 8 9 10 11 12 13 15
14 1 2 3 4 5 6 7 8 9 10 11 12 13 15
5 6 8 13 14 15
7 2 6 7 8 13 14 15
9 1 2 3 6 7 8 13 14 15
11 1 2 3 4 5 6 7 8 13 14 15
7 2 6 8 9 13 14 15
9 1 2 3 6 8 9 13 14 15
11 1 2 3 4 5 6 8 9 13 14 15
8 2 6 7 8 9 13 14 15
10 1 2 3 6 7 8 9 13 14 15
12 1 2 3 4 5 6 7 8 9 13 14 15
7 4 6 8 10 13 14 15
9 1 4 5 6 8 10 13 14 15
11 1 2 3 4 5 6 8 10 13 14 15
9 2 4 6 7 8 10 13 14 15
11 1 2 3 4 6 7 8 10 13 14 15
11 1 2 4 5 6 7 8 10 13 14 15
12 1 2 3 4 5 6 7 8 10 13 14 15
9 2 4 6 8 9 10 13 14 15
11 1 2 3 4 6 8 9 10 13 14 15
11 1 2 4 5 6 8 9 10 13 14 15
12 1 2 3 4 5 6 8 9 10 13 14 15
10 2 4 6 7 8 9 10 13 14 15
12 1 2 3 4 6 7 8 9 10 13 14 15
12 1 2 4 5 6 7 8 9 10 13 14 15
13 1 2 3 4 5 6 7 8 9 10 13 14 15
13 1 2 3 4 5 6 7 8 11 12 13 14 15
13 1 2 3 4 5 6 8 9 11 12 13 14 15
14 1 2 3 4 5 6 7 8 9 11 12 13 14 15
9 4 6 8 10 11 12 13 14 15
11 1 4 5 6 8 10 11 12 13 14 15
13 1 2 3 4 5 6 8 10 11 12 13 14 15
11 2 4 6 7 8 10 11 12 13 14 15
13 1 2 3 4 6 7 8 10 11 12 13 14 15
13 1 2 4 5 6 7 8 10 11 12 13 14 15
14 1 2 3 4 5 6 7 8 10 11 12 13 14 15
11 2 4 6 8 9 10 11 12 13 14 15
13 1 2 3 4 6 8 9 10 11 12 13 14 15
13 1 2 4 5 6 8 9 10 11 12 13 14 15
14 1 2 3 4 5 6 8 9 10 11 12 13 14 15
12 2 4 6 7 8 9 10 11 12 13 14 15
14 1 2 3 4 6 7 8 9 10 11 12 13 14 15
14 1 2 4 5 6 7 8 9 10 11 12 13 14 15
15 1 2 3 4 5 6 7 8 9 10 11 12 13 14 15
3 8 16 17
5 2 8 9 16 17
7 1 2 3 8 9 16 17
9 1 2 3 4 5 8 9 16 17
7 2 6 7 8 9 16 17
9 1 2 3 6 7 8 9 16 17
11 1 2 3 4 5 6 7 8 9 16 17
5 4 8 10 16 17
7 1 4 5 8 10 16 17
9 1 2 3 4 5 8 10 16 17
11 1 2 3 4 5 6 7 8 10 16 17
7 2 4 8 9 10 16 17
9 1 2 3 4 8 9 10 16 17
9 1 2 4 5 8 9 10 16 17
10 1 2 3 4 5 8 9 10 16 17
9 2 4 6 7 8 9 10 16 17
11 1 2 3 4 6 7 8 9 10 16 17
11 1 2 4 5 6 7 8 9 10 16 17
12 1 2 3 4 5 6 7 8 9 10 16 17
11 1 2 3 4 5 8 9 11 12 16 17
13 1 2 3 4 5 6 7 8 9 11 12 16 17
7 4 8 10 11 12 16 17
9 1 4 5 8 10 11 12 16 17
11 1 2 3 4 5 8 10 11 12 16 17
13 1 2 3 4 5 6 7 8 10 11 12 16 17
9 2 4 8 9 10 11 12 16 17
11 1 2 3 4 8 9 10 11 12 16 17
11 1 2 4 5 8 9 10 11 12 16 17
12 1 2 3 4 5 8 9 10 11 12 16 17
11 2 4 6 7 8 9 10 11 12 16 17
13 1 2 3 4 6 7 8 9 10 11 12 16 17
13 1 2 4 5 6 7 8 9 10 11 12 16 17
14 1 2 3 4 5 6 7 8 9 10 11 12 16 17
9 2 6 7 8 9 13 14 16 17
11 1 2 3 6 7 8 9 13 14 16 17
13 1 2 3 4 5 6 7 8 9 13 14 16 17
13 1 2 3 4 5 6 7 8 10 13 14 16 17
11 2 4 6 7 8 9 10 13 14 16 17
13 1 2 3 4 6 7 8 9 10 13 14 16 17
13 1 2 4 5 6 7 8 9 10 13 14 16 17
14 1 2 3 4 5 6 7 8 9 10 13 14 16 17
15 1 2 3 4 5 6 7 8 9 11 12 13 14 16 17
15 1 2 3 4 5 6 7 8 10 11 12 13 14 16 17
13 2 4 6 7 8 9 10 11 12 13 14 16 17
15 1 2 3 4 6 7 8 9 10 11 12 13 14 16 17
15 1 2 4 5 6 7 8 9 10 11 12 13 14 16 17
16 1 2 3 4 5 6 7 8 9 10 11 12 13 14 16 17
5 8 13 15 16 17
7 2 8 9 13 15 16 17
9 1 2 3 8 9 13 15 16 17
11 1 2 3 4 5 8 9 13 15 16 17
9 2 6 7 8 9 13 15 16 17
11 1 2 3 6 7 8 9 13 15 16 17
13 1 2 3 4 5 6 7 8 9 13 15 16 17
7 4 8 10 13 15 16 17
9 1 4 5 8 10 13 15 16 17
11 1 2 3 4 5 8 10 13 15 16 17
13 1 2 3 4 5 6 7 8 10 13 15 16 17
9 2 4 8 9 10 13 15 16 17
11 1 2 3 4 8 9 10 13 15 16 17
11 1 2 4 5 8 9 10 13 15 16 17
12 1 2 3 4 5 8 9 10 13 15 16 17
11 2 4 6 7 8 9 10 13 15 16 17
13 1 2 3 4 6 7 8 9 10 13 15 16 17
13 1 2 4 5 6 7 8 9 10 13 15 16 17
14 1 2 3 4 5 6 7 8 9 10 13 15 16 17
13 1 2 3 4 5 8 9 11 12 13 15 16 17
15 1 2 3 4 5 6 7 8 9 11 12 13 15 16 17
9 4 8 10 11 12 13 15 16 17
11 1 4 5 8 10 11 12 13 15 16 17
13 1 2 3 4 5 8 10 11 12 13 15 16 17
15 1 2 3 4 5 6 7 8 10 11 12 13 15 16 17
11 2 4 8 9 10 11 12 13 15 16 17
13 1 2 3 4 8 9 10 11 12 13 15 16 17
13 1 2 4 5 8 9 10 11 12 13 15 16 17
14 1 2 3 4 5 8 9 10 11 12 13 15 16 17
13 2 4 6 7 8 9 10 11 12 13 15 16 17
15 1 2 3 4 6 7 8 9 10 11 12 13 15 16 17
15 1 2 4 5 6 7 8 9 10 11 12 13 15 16 17
16 1 2 3 4 5 6 7 8 9 10 11 12 13 15 16 17
7 6 8 13 14 15 16 17
9 2 6 7 8 13 14 15 16 17
11 1 2 3 6 7 8 13 14 15 16 17
13 1 2 3 4 5 6 7 8 13 14 15 16 17
9 2 6 8 9 13 14 15 16 17
11 1 2 3 6 8 9 13 14 15 16 17
13 1 2 3 4 5 6 8 9 13 14 15 16 17
10 2 6 7 8 9 13 14 15 16 17
12 1 2 3 6 7 8 9 13 14 15 16 17
14 1 2 3 4 5 6 7 8 9 13 14 15 16 17
9 4 6 8 10 13 14 15 16 17
11 1 4 5 6 8 10 13 14 15 16 17
13 1 2 3 4 5 6 8 10 13 14 15 16 17
11 2 4 6 7 8 10 13 14 15 16 17
13 1 2 3 4 6 7 8 10 13 14 15 16 17
13 1 2 4 5 6 7 8 10 13 14 15 16 17
14 1 2 3 4 5 6 7 8 10 13 14 15 16 17
11 2 4 6 8 9 10 13 14 15 16 17
13 1 2 3 4 6 8 9 10 13 14 15 16 17
13 1 2 4 5 6 8 9 10 13 14 15 16 17
14 1 2 3 4 5 6 8 9 10 13 14 15 16 17
12 2 4 6 7 8 9 10 13 14 15 16 17
14 1 2 3 4 6 7 8 9 10 13 14 15 16 17
14 1 2 4 5 6 7 8 9 10 13 14 15 16 17
15 1 2 3 4 5 6 7 8 9 10 13 14 15 16 17
15 1 2 3 4 5 6 7 8 11 12 13 14 15 16 17
15 1 2 3 4 5 6 8 9 11 12 13 14 15 16 17
16 1 2 3 4 5 6 7 8 9 11 12 13 14 15 16 17
11 4 6 8 10 11 12 13 14 15 16 17
13 1 4 5 6 8 10 11 12 13 14 15 16 17
15 1 2 3 4 5 6 8 10 11 12 13 14 15 16 17
13 2 4 6 7 8 10 11 12 13 14 15 16 17
15 1 2 3 4 6 7 8 10 11 12 13 14 15 16 17
15 1 2 4 5 6 7 8 10 11 12 13 14 15 16 17
16 1 2 3 4 5 6 7 8 10 11 12 13 14 15 16 17
13 2 4 6 8 9 10 11 12 13 14 15 16 17
15 1 2 3 4 6 8 9 10 11 12 13 14 15 16 17
15 1 2 4 5 6 8 9 10 11 12 13 14 15 16 17
16 1 2 3 4 5 6 8 9 10 11 12 13 14 15 16 17
14 2 4 6 7 8 9 10 11 12 13 14 15 16 17
16 1 2 3 4 6 7 8 9 10 11 12 13 14 15 16 17
16 1 2 4 5 6 7 8 9 10 11 12 13 14 15 16 17
17 1 2 3 4 5 6 7 8 9 10 11 12 13 14 15 16 17
3 11 16 18
5 4 11 12 16 18
7 1 4 5 11 12 16 18
9 1 2 3 4 5 11 12 16 18
11 1 2 3 4 5 6 7 11 12 16 18
11 1 2 3 4 5 8 9 11 12 16 18
13 1 2 3 4 5 6 7 8 9 11 12 16 18
7 4 8 10 11 12 16 18
9 1 4 5 8 10 11 12 16 18
11 1 2 3 4 5 8 10 11 12 16 18
13 1 2 3 4 5 6 7 8 10 11 12 16 18
9 2 4 8 9 10 11 12 16 18
11 1 2 3 4 8 9 10 11 12 16 18
11 1 2 4 5 8 9 10 11 12 16 18
12 1 2 3 4 5 8 9 10 11 12 16 18
11 2 4 6 7 8 9 10 11 12 16 18
13 1 2 3 4 6 7 8 9 10 11 12 16 18
13 1 2 4 5 6 7 8 9 10 11 12 16 18
14 1 2 3 4 5 6 7 8 9 10 11 12 16 18
13 1 2 3 4 5 6 7 11 12 13 14 16 18
15 1 2 3 4 5 6 7 8 9 11 12 13 14 16 18
15 1 2 3 4 5 6 7 8 10 11 12 13 14 16 18
13 2 4 6 7 8 9 10 11 12 13 14 16 18
15 1 2 3 4 6 7 8 9 10 11 12 13 14 16 18
15 1 2 4 5 6 7 8 9 10 11 12 13 14 16 18
16 1 2 3 4 5 6 7 8 9 10 11 12 13 14 16 18
13 1 2 3 4 5 8 9 11 12 13 15 16 18
15 1 2 3 4 5 6 7 8 9 11 12 13 15 16 18
9 4 8 10 11 12 13 15 16 18
11 1 4 5 8 10 11 12 13 15 16 18
13 1 2 3 4 5 8 10 11 12 13 15 16 18
15 1 2 3 4 5 6 7 8 10 11 12 13 15 16 18
11 2 4 8 9 10 11 12 13 15 16 18
13 1 2 3 4 8 9 10 11 12 13 15 16 18
13 1 2 4 5 8 9 10 11 12 13 15 16 18
14 1 2 3 4 5 8 9 10 11 12 13 15 16 18
13 2 4 6 7 8 9 10 11 12 13 15 16 18
15 1 2 3 4 6 7 8 9 10 11 12 13 15 16 18
15 1 2 4 5 6 7 8 9 10 11 12 13 15 16 18
16 1 2 3 4 5 6 7 8 9 10 11 12 13 15 16 18
15 1 2 3 4 5 6 7 8 11 12 13 14 15 16 18
15 1 2 3 4 5 6 8 9 11 12 13 14 15 16 18
16 1 2 3 4 5 6 7 8 9 11 12 13 14 15 16 18
11 4 6 8 10 11 12 13 14 15 16 18
13 1 4 5 6 8 10 11 12 13 14 15 16 18
15 1 2 3 4 5 6 8 10 11 12 13 14 15 16 18
13 2 4 6 7 8 10 11 12 13 14 15 16 18
15 1 2 3 4 6 7 8 10 11 12 13 14 15 16 18
15 1 2 4 5 6 7 8 10 11 12 13 14 15 16 18
16 1 2 3 4 5 6 7 8 10 11 12 13 14 15 16 18
13 2 4 6 8 9 10 11 12 13 14 15 16 18
15 1 2 3 4 6 8 9 10 11 12 13 14 15 16 18
15 1 2 4 5 6 8 9 10 11 12 13 14 15 16 18
16 1 2 3 4 5 6 8 9 10 11 12 13 14 15 16 18
14 2 4 6 7 8 9 10 11 12 13 14 15 16 18
16 1 2 3 4 6 7 8 9 10 11 12 13 14 15 16 18
16 1 2 4 5 6 7 8 9 10 11 12 13 14 15 16 18
17 1 2 3 4 5 6 7 8 9 10 11 12 13 14 15 16 18
5 8 11 16 17 18
7 2 8 9 11 16 17 18
9 1 2 3 8 9 11 16 17 18
11 1 2 3 4 5 8 9 11 16 17 18
9 2 6 7 8 9 11 16 17 18
11 1 2 3 6 7 8 9 11 16 17 18
13 1 2 3 4 5 6 7 8 9 11 16 17 18
7 4 8 10 11 16 17 18
9 1 4 5 8 10 11 16 17 18
11 1 2 3 4 5 8 10 11 16 17 18
13 1 2 3 4 5 6 7 8 10 11 16 17 18
9 2 4 8 9 10 11 16 17 18
11 1 2 3 4 8 9 10 11 16 17 18
11 1 2 4 5 8 9 10 11 16 17 18
12 1 2 3 4 5 8 9 10 11 16 17 18
11 2 4 6 7 8 9 10 11 16 17 18
13 1 2 3 4 6 7 8 9 10 11 16 17 18
13 1 2 4 5 6 7 8 9 10 11 16 17 18
14 1 2 3 4 5 6 7 8 9 10 11 16 17 18
7 4 8 11 12 16 17 18
9 1 4 5 8 11 12 16 17 18
11 1 2 3 4 5 8 11 12 16 17 18
13 1 2 3 4 5 6 7 8 11 12 16 17 18
9 2 4 8 9 11 12 16 17 18
11 1 2 3 4 8 9 11 12 16 17 18
11 1 2 4 5 8 9 11 12 16 17 18
12 1 2 3 4 5 8 9 11 12 16 17 18
11 2 4 6 7 8 9 11 12 16 17 18
13 1 2 3 4 6 7 8 9 11 12 16 17 18
13 1 2 4 5 6 7 8 9 11 12 16 17 18
14 1 2 3 4 5 6 7 8 9 11 12 16 17 18
8 4 8 10 11 12 16 17 18
10 1 4 5 8 10 11 12 16 17 18
12 1 2 3 4 5 8 10 11 12 16 17 18
14 1 2 3 4 5 6 7 8 10 11 12 16 17 18
10 2 4 8 9 10 11 12 16 17 18
12 1 2 3 4 8 9 10 11 12 16 17 18
12 1 2 4 5 8 9 10 11 12 16 17 18
13 1 2 3 4 5 8 9 10 11 12 16 17 18
12 2 4 6 7 8 9 10 11 12 16 17 18
14 1 2 3 4 6 7 8 9 10 11 12 16 17 18
14 1 2 4 5 6 7 8 9 10 11 12 16 17 18
15 1 2 3 4 5 6 7 8 9 10 11 12 16 17 18
11 2 6 7 8 9 11 13 14 16 17 18
13 1 2 3 6 7 8 9 11 13 14 16 17 18
15 1 2 3 4 5 6 7 8 9 11 13 14 16 17 18
15 1 2 3 4 5 6 7 8 10 11 13 14 16 17 18
13 2 4 6 7 8 9 10 11 13 14 16 17 18
15 1 2 3 4 6 7 8 9 10 11 13 14 16 17 18
15 1 2 4 5 6 7 8 9 10 11 13 14 16 17 18
16 1 2 3 4 5 6 7 8 9 10 11 13 14 16 17 18
15 1 2 3 4 5 6 7 8 11 12 13 14 16 17 18
13 2 4 6 7 8 9 11 12 13 14 16 17 18
15 1 2 3 4 6 7 8 9 11 12 13 14 16 17 18
15 1 2 4 5 6 7 8 9 11 12 13 14 16 17 18
16 1 2 3 4 5 6 7 8 9 11 12 13 14 16 17 18
16 1 2 3 4 5 6 7 8 10 11 12 13 14 16 17 18
14 2 4 6 7 8 9 10 11 12 13 14 16 17 18
16 1 2 3 4 6 7 8 9 10 11 12 13 14 16 17 18
16 1 2 4 5 6 7 8 9 10 11 12 13 14 16 17 18
17 1 2 3 4 5 6 7 8 9 10 11 12 13 14 16 17 18
7 8 11 13 15 16 17 18
9 2 8 9 11 13 15 16 17 18
11 1 2 3 8 9 11 13 15 16 17 18
13 1 2 3 4 5 8 9 11 13 15 16 17 18
11 2 6 7 8 9 11 13 15 16 17 18
13 1 2 3 6 7 8 9 11 13 15 16 17 18
15 1 2 3 4 5 6 7 8 9 11 13 15 16 17 18
9 4 8 10 11 13 15 16 17 18
11 1 4 5 8 10 11 13 15 16 17 18
13 1 2 3 4 5 8 10 11 13 15 16 17 18
15 1 2 3 4 5 6 7 8 10 11 13 15 16 17 18
11 2 4 8 9 10 11 13 15 16 17 18
13 1 2 3 4 8 9 10 11 13 15 16 17 18
13 1 2 4 5 8 9 10 11 13 15 16 17 18
14 1 2 3 4 5 8 9 10 11 13 15 16 17 18
13 2 4 6 7 8 9 10 11 13 15 16 17 18
15 1 2 3 4 6 7 8 9 10 11 13 15 16 17 18
15 1 2 4 5 6 7 8 9 10 11 13 15 16 17 18
16 1 2 3 4 5 6 7 8 9 10 11 13 15 16 17 18
9 4 8 11 12 13 15 16 17 18
11 1 4 5 8 11 12 13 15 16 17 18
13 1 2 3 4 5 8 11 12 13 15 16 17 18
15 1 2 3 4 5 6 7 8 11 12 13 15 16 17 18
11 2 4 8 9 11 12 13 15 16 17 18
13 1 2 3 4 8 9 11 12 13 15 16 17 18
13 1 2 4 5 8 9 11 12 13 15 16 17 18
14 1 2 3 4 5 8 9 11 12 13 15 16 17 18
13 2 4 6 7 8 9 11 12 13 15 16 17 18
15 1 2 3 4 6 7 8 9 11 12 13 15 16 17 18
15 1 2 4 5 6 7 8 9 11 12 13 15 16 17 18
16 1 2 3 4 5 6 7 8 9 11 12 13 15 16 17 18
10 4 8 10 11 12 13 15 16 17 18
12 1 4 5 8 10 11 12 13 15 16 17 18
14 1 2 3 4 5 8 10 11 12 13 15 16 17 18
16 1 2 3 4 5 6 7 8 10 11 12 13 15 16 17 18
12 2 4 8 9 10 11 12 13 15 16 17 18
14 1 2 3 4 8 9 10 11 12 13 15 16 17 18
14 1 2 4 5 8 9 10 11 12 13 15 16 17 18
15 1 2 3 4 5 8 9 10 11 12 13 15 16 17 18
14 2 4 6 7 8 9 10 11 12 13 15 16 17 18
16 1 2 3 4 6 7 8 9 10 11 12 13 15 16 17 18
16 1 2 4 5 6 7 8 9 10 11 12 13 15 16 17 18
17 1 2 3 4 5 6 7 8 9 10 11 12 13 15 16 17 18
9 6 8 11 13 14 15 16 17 18
11 2 6 7 8 11 13 14 15 16 17 18
13 1 2 3 6 7 8 11 13 14 15 16 17 18
15 1 2 3 4 5 6 7 8 11 13 14 15 16 17 18
11 2 6 8 9 11 13 14 15 16 17 18
13 1 2 3 6 8 9 11 13 14 15 16 17 18
15 1 2 3 4 5 6 8 9 11 13 14 15 16 17 18
12 2 6 7 8 9 11 13 14 15 16 17 18
14 1 2 3 6 7 8 9 11 13 14 15 16 17 18
16 1 2 3 4 5 6 7 8 9 11 13 14 15 16 17 18
11 4 6 8 10 11 13 14 15 16 17 18
13 1 4 5 6 8 10 11 13 14 15 16 17 18
15 1 2 3 4 5 6 8 10 11 13 14 15 16 17 18
13 2 4 6 7 8 10 11 13 14 15 16 17 18
15 1 2 3 4 6 7 8 10 11 13 14 15 16 17 18
15 1 2 4 5 6 7 8 10 11 13 14 15 16 17 18
16 1 2 3 4 5 6 7 8 10 11 13 14 15 16 17 18
13 2 4 6 8 9 10 11 13 14 15 16 17 18
15 1 2 3 4 6 8 9 10 11 13 14 15 16 17 18
15 1 2 4 5 6 8 9 10 11 13 14 15 16 17 18
16 1 2 3 4 5 6 8 9 10 11 13 14 15 16 17 18
14 2 4 6 7 8 9 10 11 13 14 15 16 17 18
16 1 2 3 4 6 7 8 9 10 11 13 14 15 16 17 18
16 1 2 4 5 6 7 8 9 10 11 13 14 15 16 17 18
17 1 2 3 4 5 6 7 8 9 10 11 13 14 15 16 17 18
11 4 6 8 11 12 13 14 15 16 17 18
13 1 4 5 6 8 11 12 13 14 15 16 17 18
15 1 2 3 4 5 6 8 11 12 13 14 15 16 17 18
13 2 4 6 7 8 11 12 13 14 15 16 17 18
15 1 2 3 4 6 7 8 11 12 13 14 15 16 17 18
15 1 2 4 5 6 7 8 11 12 13 14 15 16 17 18
16 1 2 3 4 5 6 7 8 11 12 13 14 15 16 17 18
13 2 4 6 8 9 11 12 13 14 15 16 17 18
15 1 2 3 4 6 8 9 11 12 13 14 15 16 17 18
15 1 2 4 5 6 8 9 11 12 13 14 15 16 17 18
16 1 2 3 4 5 6 8 9 11 12 13 14 15 16 17 18
14 2 4 6 7 8 9 11 12 13 14 15 16 17 18
16 1 2 3 4 6 7 8 9 11 12 13 14 15 16 17 18
16 1 2 4 5 6 7 8 9 11 12 13 14 15 16 17 18
17 1 2 3 4 5 6 7 8 9 11 12 13 14 15 16 17 18
12 4 6 8 10 11 12 13 14 15 16 17 18
14 1 4 5 6 8 10 11 12 13 14 15 16 17 18
16 1 2 3 4 5 6 8 10 11 12 13 14 15 16 17 18
14 2 4 6 7 8 10 11 12 13 14 15 16 17 18
16 1 2 3 4 6 7 8 10 11 12 13 14 15 16 17 18
16 1 2 4 5 6 7 8 10 11 12 13 14 15 16 17 18
17 1 2 3 4 5 6 7 8 10 11 12 13 14 15 16 17 18
14 2 4 6 8 9 10 11 12 13 14 15 16 17 18
16 1 2 3 4 6 8 9 10 11 12 13 14 15 16 17 18
16 1 2 4 5 6 8 9 10 11 12 13 14 15 16 17 18
17 1 2 3 4 5 6 8 9 10 11 12 13 14 15 16 17 18
15 2 4 6 7 8 9 10 11 12 13 14 15 16 17 18
17 1 2 3 4 6 7 8 9 10 11 12 13 14 15 16 17 18
17 1 2 4 5 6 7 8 9 10 11 12 13 14 15 16 17 18
18 1 2 3 4 5 6 7 8 9 10 11 12 13 14 15 16 17 18
3 13 19 20
5 6 13 14 19 20
7 2 6 7 13 14 19 20
9 1 2 3 6 7 13 14 19 20
11 1 2 3 4 5 6 7 13 14 19 20
9 2 6 7 8 9 13 14 19 20
11 1 2 3 6 7 8 9 13 14 19 20
13 1 2 3 4 5 6 7 8 9 13 14 19 20
13 1 2 3 4 5 6 7 8 10 13 14 19 20
11 2 4 6 7 8 9 10 13 14 19 20
13 1 2 3 4 6 7 8 9 10 13 14 19 20
13 1 2 4 5 6 7 8 9 10 13 14 19 20
14 1 2 3 4 5 6 7 8 9 10 13 14 19 20
13 1 2 3 4 5 6 7 11 12 13 14 19 20
15 1 2 3 4 5 6 7 8 9 11 12 13 14 19 20
15 1 2 3 4 5 6 7 8 10 11 12 13 14 19 20
13 2 4 6 7 8 9 10 11 12 13 14 19 20
15 1 2 3 4 6 7 8 9 10 11 12 13 14 19 20
15 1 2 4 5 6 7 8 9 10 11 12 13 14 19 20
16 1 2 3 4 5 6 7 8 9 10 11 12 13 14 19 20
5 8 13 15 19 20
7 2 8 9 13 15 19 20
9 1 2 3 8 9 13 15 19 20
11 1 2 3 4 5 8 9 13 15 19 20
9 2 6 7 8 9 13 15 19 20
11 1 2 3 6 7 8 9 13 15 19 20
13 1 2 3 4 5 6 7 8 9 13 15 19 20
7 4 8 10 13 15 19 20
9 1 4 5 8 10 13 15 19 20
11 1 2 3 4 5 8 10 13 15 19 20
13 1 2 3 4 5 6 7 8 10 13 15 19 20
9 2 4 8 9 10 13 15 19 20
11 1 2 3 4 8 9 10 13 15 19 20
11 1 2 4 5 8 9 10 13 15 19 20
12 1 2 3 4 5 8 9 10 13 15 19 20
11 2 4 6 7 8 9 10 13 15 19 20
13 1 2 3 4 6 7 8 9 10 13 15 19 20
13 1 2 4 5 6 7 8 9 10 13 15 19 20
14 1 2 3 4 5 6 7 8 9 10 13 15 19 20
13 1 2 3 4 5 8 9 11 12 13 15 19 20
15 1 2 3 4 5 6 7 8 9 11 12 13 15 19 20
9 4 8 10 11 12 13 15 19 20
11 1 4 5 8 10 11 12 13 15 19 20
13 1 2 3 4 5 8 10 11 12 13 15 19 20
15 1 2 3 4 5 6 7 8 10 11 12 13 15 19 20
11 2 4 8 9 10 11 12 13 15 19 20
13 1 2 3 4 8 9 10 11 12 13 15 19 20
13 1 2 4 5 8 9 10 11 12 13 15 19 20
14 1 2 3 4 5 8 9 10 11 12 13 15 19 20
13 2 4 6 7 8 9 10 11 12 13 15 19 20
15 1 2 3 4 6 7 8 9 10 11 12 13 15 19 20
15 1 2 4 5 6 7 8 9 10 11 12 13 15 19 20
16 1 2 3 4 5 6 7 8 9 10 11 12 13 15 19 20
7 6 8 13 14 15 19 20
9 2 6 7 8 13 14 15 19 20
11 1 2 3 6 7 8 13 14 15 19 20
13 1 2 3 4 5 6 7 8 13 14 15 19 20
9 2 6 8 9 13 14 15 19 20
11 1 2 3 6 8 9 13 14 15 19 20
13 1 2 3 4 5 6 8 9 13 14 15 19 20
10 2 6 7 8 9 13 14 15 19 20
12 1 2 3 6 7 8 9 13 14 15 19 20
14 1 2 3 4 5 6 7 8 9 13 14 15 19 20
9 4 6 8 10 13 14 15 19 20
11 1 4 5 6 8 10 13 14 15 19 20
13 1 2 3 4 5 6 8 10 13 14 15 19 20
11 2 4 6 7 8 10 13 14 15 19 20
13 1 2 3 4 6 7 8 10 13 14 15 19 20
13 1 2 4 5 6 7 8 10 13 14 15 19 20
14 1 2 3 4 5 6 7 8 10 13 14 15 19 20
11 2 4 6 8 9 10 13 14 15 19 20
13 1 2 3 4 6 8 9 10 13 14 15 19 20
13 1 2 4 5 6 8 9 10 13 14 15 19 20
14 1 2 3 4 5 6 8 9 10 13 14 15 19 20
12 2 4 6 7 8 9 10 13 14 15 19 20
14 1 2 3 4 6 7 8 9 10 13 14 15 19 20
14 1 2 4 5 6 7 8 9 10 13 14 15 19 20
15 1 2 3 4 5 6 7 8 9 10 13 14 15 19 20
15 1 2 3 4 5 6 7 8 11 12 13 14 15 19 20
15 1 2 3 4 5 6 8 9 11 12 13 14 15 19 20
16 1 2 3 4 5 6 7 8 9 11 12 13 14 15 19 20
11 4 6 8 10 11 12 13 14 15 19 20
13 1 4 5 6 8 10 11 12 13 14 15 19 20
15 1 2 3 4 5 6 8 10 11 12 13 14 15 19 20
13 2 4 6 7 8 10 11 12 13 14 15 19 20
15 1 2 3 4 6 7 8 10 11 12 13 14 15 19 20
15 1 2 4 5 6 7 8 10 11 12 13 14 15 19 20
16 1 2 3 4 5 6 7 8 10 11 12 13 14 15 19 20
13 2 4 6 8 9 10 11 12 13 14 15 19 20
15 1 2 3 4 6 8 9 10 11 12 13 14 15 19 20
15 1 2 4 5 6 8 9 10 11 12 13 14 15 19 20
16 1 2 3 4 5 6 8 9 10 11 12 13 14 15 19 20
14 2 4 6 7 8 9 10 11 12 13 14 15 19 20
16 1 2 3 4 6 7 8 9 10 11 12 13 14 15 19 20
16 1 2 4 5 6 7 8 9 10 11 12 13 14 15 19 20
17 1 2 3 4 5 6 7 8 9 10 11 12 13 14 15 19 20
11 2 6 7 8 9 13 14 16 17 19 20
13 1 2 3 6 7 8 9 13 14 16 17 19 20
15 1 2 3 4 5 6 7 8 9 13 14 16 17 19 20
15 1 2 3 4 5 6 7 8 10 13 14 16 17 19 20
13 2 4 6 7 8 9 10 13 14 16 17 19 20
15 1 2 3 4 6 7 8 9 10 13 14 16 17 19 20
15 1 2 4 5 6 7 8 9 10 13 14 16 17 19 20
16 1 2 3 4 5 6 7 8 9 10 13 14 16 17 19 20
17 1 2 3 4 5 6 7 8 9 11 12 13 14 16 17 19 20
17 1 2 3 4 5 6 7 8 10 11 12 13 14 16 17 19 20
15 2 4 6 7 8 9 10 11 12 13 14 16 17 19 20
17 1 2 3 4 6 7 8 9 10 11 12 13 14 16 17 19 20
17 1 2 4 5 6 7 8 9 10 11 12 13 14 16 17 19 20
18 1 2 3 4 5 6 7 8 9 10 11 12 13 14 16 17 19 20
7 8 13 15 16 17 19 20
9 2 8 9 13 15 16 17 19 20
11 1 2 3 8 9 13 15 16 17 19 20
13 1 2 3 4 5 8 9 13 15 16 17 19 20
11 2 6 7 8 9 13 15 16 17 19 20
13 1 2 3 6 7 8 9 13 15 16 17 19 20
15 1 2 3 4 5 6 7 8 9 13 15 16 17 19 20
9 4 8 10 13 15 16 17 19 20
11 1 4 5 8 10 13 15 16 17 19 20
13 1 2 3 4 5 8 10 13 15 16 17 19 20
15 1 2 3 4 5 6 7 8 10 13 15 16 17 19 20
11 2 4 8 9 10 13 15 16 17 19 20
13 1 2 3 4 8 9 10 13 15 16 17 19 20
13 1 2 4 5 8 9 10 13 15 16 17 19 20
14 1 2 3 4 5 8 9 10 13 15 16 17 19 20
13 2 4 6 7 8 9 10 13 15 16 17 19 20
15 1 2 3 4 6 7 8 9 10 13 15 16 17 19 20
15 1 2 4 5 6 7 8 9 10 13 15 16 17 19 20
16 1 2 3 4 5 6 7 8 9 10 13 15 16 17 19 20
15 1 2 3 4 5 8 9 11 12 13 15 16 17 19 20
17 1 2 3 4 5 6 7 8 9 11 12 13 15 16 17 19 20
11 4 8 10 11 12 13 15 16 17 19 20
13 1 4 5 8 10 11 12 13 15 16 17 19 20
15 1 2 3 4 5 8 10 11 12 13 15 16 17 19 20
17 1 2 3 4 5 6 7 8 10 11 12 13 15 16 17 19 20
13 2 4 8 9 10 11 12 13 15 16 17 19 20
15 1 2 3 4 8 9 10 11 12 13 15 16 17 19 20
15 1 2 4 5 8 9 10 11 12 13 15 16 17 19 20
16 1 2 3 4 5 8 9 10 11 12 13 15 16 17 19 20
15 2 4 6 7 8 9 10 11 12 13 15 16 17 19 20
17 1 2 3 4 6 7 8 9 10 11 12 13 15 16 17 19 20
17 1 2 4 5 6 7 8 9 10 11 12 13 15 16 17 19 20
18 1 2 3 4 5 6 7 8 9 10 11 12 13 15 16 17 19 20
9 6 8 13 14 15 16 17 19 20
11 2 6 7 8 13 14 15 16 17 19 20
13 1 2 3 6 7 8 13 14 15 16 17 19 20
15 1 2 3 4 5 6 7 8 13 14 15 16 17 19 20
11 2 6 8 9 13 14 15 16 17 19 20
13 1 2 3 6 8 9 13 14 15 16 17 19 20
15 1 2 3 4 5 6 8 9 13 14 15 16 17 19 20
12 2 6 7 8 9 13 14 15 16 17 19 20
14 1 2 3 6 7 8 9 13 14 15 16 17 19 20
16 1 2 3 4 5 6 7 8 9 13 14 15 16 17 19 20
11 4 6 8 10 13 14 15 16 17 19 20
13 1 4 5 6 8 10 13 14 15 16 17 19 20
15 1 2 3 4 5 6 8 10 13 14 15 16 17 19 20
13 2 4 6 7 8 10 13 14 15 16 17 19 20
15 1 2 3 4 6 7 8 10 13 14 15 16 17 19 20
15 1 2 4 5 6 7 8 10 13 14 15 16 17 19 20
16 1 2 3 4 5 6 7 8 10 13 14 15 16 17 19 20
13 2 4 6 8 9 10 13 14 15 16 17 19 20
15 1 2 3 4 6 8 9 10 13 14 15 16 17 19 20
15 1 2 4 5 6 8 9 10 13 14 15 16 17 19 20
16 1 2 3 4 5 6 8 9 10 13 14 15 16 17 19 20
14 2 4 6 7 8 9 10 13 14 15 16 17 19 20
16 1 2 3 4 6 7 8 9 10 13 14 15 16 17 19 20
16 1 2 4 5 6 7 8 9 10 13 14 15 16 17 19 20
17 1 2 3 4 5 6 7 8 9 10 13 14 15 16 17 19 20
17 1 2 3 4 5 6 7 8 11 12 13 14 15 16 17 19 20
17 1 2 3 4 5 6 8 9 11 12 13 14 15 16 17 19 20
18 1 2 3 4 5 6 7 8 9 11 12 13 14 15 16 17 19 20
13 4 6 8 10 11 12 13 14 15 16 17 19 20
15 1 4 5 6 8 10 11 12 13 14 15 16 17 19 20
17 1 2 3 4 5 6 8 10 11 12 13 14 15 16 17 19 20
15 2 4 6 7 8 10 11 12 13 14 15 16 17 19 20
17 1 2 3 4 6 7 8 10 11 12 13 14 15 16 17 19 20
17 1 2 4 5 6 7 8 10 11 12 13 14 15 16 17 19 20
18 1 2 3 4 5 6 7 8 10 11 12 13 14 15 16 17 19 20
15 2 4 6 8 9 10 11 12 13 14 15 16 17 19 20
17 1 2 3 4 6 8 9 10 11 12 13 14 15 16 17 19 20
17 1 2 4 5 6 8 9 10 11 12 13 14 15 16 17 19 20
18 1 2 3 4 5 6 8 9 10 11 12 13 14 15 16 17 19 20
16 2 4 6 7 8 9 10 11 12 13 14 15 16 17 19 20
18 1 2 3 4 6 7 8 9 10 11 12 13 14 15 16 17 19 20
18 1 2 4 5 6 7 8 9 10 11 12 13 14 15 16 17 19 20
19 1 2 3 4 5 6 7 8 9 10 11 12 13 14 15 16 17 19 20
15 1 2 3 4 5 6 7 11 12 13 14 16 18 19 20
17 1 2 3 4 5 6 7 8 9 11 12 13 14 16 18 19 20
17 1 2 3 4 5 6 7 8 10 11 12 13 14 16 18 19 20
15 2 4 6 7 8 9 10 11 12 13 14 16 18 19 20
17 1 2 3 4 6 7 8 9 10 11 12 13 14 16 18 19 20
17 1 2 4 5 6 7 8 9 10 11 12 13 14 16 18 19 20
18 1 2 3 4 5 6 7 8 9 10 11 12 13 14 16 18 19 20
15 1 2 3 4 5 8 9 11 12 13 15 16 18 19 20
17 1 2 3 4 5 6 7 8 9 11 12 13 15 16 18 19 20
11 4 8 10 11 12 13 15 16 18 19 20
13 1 4 5 8 10 11 12 13 15 16 18 19 20
15 1 2 3 4 5 8 10 11 12 13 15 16 18 19 20
17 1 2 3 4 5 6 7 8 10 11 12 13 15 16 18 19 20
13 2 4 8 9 10 11 12 13 15 16 18 19 20
15 1 2 3 4 8 9 10 11 12 13 15 16 18 19 20
15 1 2 4 5 8 9 10 11 12 13 15 16 18 19 20
16 1 2 3 4 5 8 9 10 11 12 13 15 16 18 19 20
15 2 4 6 7 8 9 10 11 12 13 15 16 18 19 20
17 1 2 3 4 6 7 8 9 10 11 12 13 15 16 18 19 20
17 1 2 4 5 6 7 8 9 10 11 12 13 15 16 18 19 20
18 1 2 3 4 5 6 7 8 9 10 11 12 13 15 16 18 19 20
17 1 2 3 4 5 6 7 8 11 12 13 14 15 16 18 19 20
17 1 2 3 4 5 6 8 9 11 12 13 14 15 16 18 19 20
18 1 2 3 4 5 6 7 8 9 11 12 13 14 15 16 18 19 20
13 4 6 8 10 11 12 13 14 15 16 18 19 20
15 1 4 5 6 8 10 11 12 13 14 15 16 18 19 20
17 1 2 3 4 5 6 8 10 11 12 13 14 15 16 18 19 20
15 2 4 6 7 8 10 11 12 13 14 15 16 18 19 20
17 1 2 3 4 6 7 8 10 11 12 13 14 15 16 18 19 20
17 1 2 4 5 6 7 8 10 11 12 13 14 15 16 18 19 20
18 1 2 3 4 5 6 7 8 10 11 12 13 14 15 16 18 19 20
15 2 4 6 8 9 10 11 12 13 14 15 16 18 19 20
17 1 2 3 4 6 8 9 10 11 12 13 14 15 16 18 19 20
17 1 2 4 5 6 8 9 10 11 12 13 14 15 16 18 19 20
18 1 2 3 4 5 6 8 9 10 11 12 13 14 15 16 18 19 20
16 2 4 6 7 8 9 10 11 12 13 14 15 16 18 19 20
18 1 2 3 4 6 7 8 9 10 11 12 13 14 15 16 18 19 20
18 1 2 4 5 6 7 8 9 10 11 12 13 14 15 16 18 19 20
19 1 2 3 4 5 6 7 8 9 10 11 12 13 14 15 16 18 19 20
13 2 6 7 8 9 11 13 14 16 17 18 19 20
15 1 2 3 6 7 8 9 11 13 14 16 17 18 19 20
17 1 2 3 4 5 6 7 8 9 11 13 14 16 17 18 19 20
17 1 2 3 4 5 6 7 8 10 11 13 14 16 17 18 19 20
15 2 4 6 7 8 9 10 11 13 14 16 17 18 19 20
17 1 2 3 4 6 7 8 9 10 11 13 14 16 17 18 19 20
17 1 2 4 5 6 7 8 9 10 11 13 14 16 17 18 19 20
18 1 2 3 4 5 6 7 8 9 10 11 13 14 16 17 18 19 20
17 1 2 3 4 5 6 7 8 11 12 13 14 16 17 18 19 20
15 2 4 6 7 8 9 11 12 13 14 16 17 18 19 20
17 1 2 3 4 6 7 8 9 11 12 13 14 16 17 18 19 20
17 1 2 4 5 6 7 8 9 11 12 13 14 16 17 18 19 20
18 1 2 3 4 5 6 7 8 9 11 12 13 14 16 17 18 19 20
18 1 2 3 4 5 6 7 8 10 11 12 13 14 16 17 18 19 20
16 2 4 6 7 8 9 10 11 12 13 14 16 17 18 19 20
18 1 2 3 4 6 7 8 9 10 11 12 13 14 16 17 18 19 20
18 1 2 4 5 6 7 8 9 10 11 12 13 14 16 17 18 19 20
19 1 2 3 4 5 6 7 8 9 10 11 12 13 14 16 17 18 19 20
9 8 11 13 15 16 17 18 19 20
11 2 8 9 11 13 15 16 17 18 19 20
13 1 2 3 8 9 11 13 15 16 17 18 19 20
15 1 2 3 4 5 8 9 11 13 15 16 17 18 19 20
13 2 6 7 8 9 11 13 15 16 17 18 19 20
15 1 2 3 6 7 8 9 11 13 15 16 17 18 19 20
17 1 2 3 4 5 6 7 8 9 11 13 15 16 17 18 19 20
11 4 8 10 11 13 15 16 17 18 19 20
13 1 4 5 8 10 11 13 15 16 17 18 19 20
15 1 2 3 4 5 8 10 11 13 15 16 17 18 19 20
17 1 2 3 4 5 6 7 8 10 11 13 15 16 17 18 19 20
13 2 4 8 9 10 11 13 15 16 17 18 19 20
15 1 2 3 4 8 9 10 11 13 15 16 17 18 19 20
15 1 2 4 5 8 9 10 11 13 15 16 17 18 19 20
16 1 2 3 4 5 8 9 10 11 13 15 16 17 18 19 20
15 2 4 6 7 8 9 10 11 13 15 16 17 18 19 20
17 1 2 3 4 6 7 8 9 10 11 13 15 16 17 18 19 20
17 1 2 4 5 6 7 8 9 10 11 13 15 16 17 18 19 20
18 1 2 3 4 5 6 7 8 9 10 11 13 15 16 17 18 19 20
11 4 8 11 12 13 15 16 17 18 19 20
13 1 4 5 8 11 12 13 15 16 17 18 19 20
15 1 2 3 4 5 8 11 12 13 15 16 17 18 19 20
17 1 2 3 4 5 6 7 8 11 12 13 15 16 17 18 19 20
13 2 4 8 9 11 12 13 15 16 17 18 19 20
15 1 2 3 4 8 9 11 12 13 15 16 17 18 19 20
15 1 2 4 5 8 9 11 12 13 15 16 17 18 19 20
16 1 2 3 4 5 8 9 11 12 13 15 16 17 18 19 20
15 2 4 6 7 8 9 11 12 13 15 16 17 18 19 20
17 1 2 3 4 6 7 8 9 11 12 13 15 16 17 18 19 20
17 1 2 4 5 6 7 8 9 11 12 13 15 16 17 18 19 20
18 1 2 3 4 5 6 7 8 9 11 12 13 15 16 17 18 19 20
12 4 8 10 11 12 13 15 16 17 18 19 20
14 1 4 5 8 10 11 12 13 15 16 17 18 19 20
16 1 2 3 4 5 8 10 11 12 13 15 16 17 18 19 20
18 1 2 3 4 5 6 7 8 10 11 12 13 15 16 17 18 19 20
14 2 4 8 9 10 11 12 13 15 16 17 18 19 20
16 1 2 3 4 8 9 10 11 12 13 15 16 17 18 19 20
16 1 2 4 5 8 9 10 11 12 13 15 16 17 18 19 20
17 1 2 3 4 5 8 9 10 11 12 13 15 16 17 18 19 20
16 2 4 6 7 8 9 10 11 12 13 15 16 17 18 19 20
18 1 2 3 4 6 7 8 9 10 11 12 13 15 16 17 18 19 20
18 1 2 4 5 6 7 8 9 10 11 12 13 15 16 17 18 19 20
19 1 2 3 4 5 6 7 8 9 10 11 12 13 15 16 17 18 19 20
11 6 8 11 13 14 15 16 17 18 19 20
13 2 6 7 8 11 13 14 15 16 17 18 19 20
15 1 2 3 6 7 8 11 13 14 15 16 17 18 19 20
17 1 2 3 4 5 6 7 8 11 13 14 15 16 17 18 19 20
13 2 6 8 9 11 13 14 15 16 17 18 19 20
15 1 2 3 6 8 9 11 13 14 15 16 17 18 19 20
17 1 2 3 4 5 6 8 9 11 13 14 15 16 17 18 19 20
14 2 6 7 8 9 11 13 14 15 16 17 18 19 20
16 1 2 3 6 7 8 9 11 13 14 15 16 17 18 19 20
18 1 2 3 4 5 6 7 8 9 11 13 14 15 16 17 18 19 20
13 4 6 8 10 11 13 14 15 16 17 18 19 20
15 1 4 5 6 8 10 11 13 14 15 16 17 18 19 20
17 1 2 3 4 5 6 8 10 11 13 14 15 16 17 18 19 20
15 2 4 6 7 8 10 11 13 14 15 16 17 18 19 20
17 1 2 3 4 6 7 8 10 11 13 14 15 16 17 18 19 20
17 1 2 4 5 6 7 8 10 11 13 14 15 16 17 18 19 20
18 1 2 3 4 5 6 7 8 10 11 13 14 15 16 17 18 19 20
15 2 4 6 8 9 10 11 13 14 15 16 17 18 19 20
17 1 2 3 4 6 8 9 10 11 13 14 15 16 17 18 19 20
17 1 2 4 5 6 8 9 10 11 13 14 15 16 17 18 19 20
18 1 2 3 4 5 6 8 9 10 11 13 14 15 16 17 18 19 20
16 2 4 6 7 8 9 10 11 13 14 15 16 17 18 19 20
18 1 2 3 4 6 7 8 9 10 11 13 14 15 16 17 18 19 20
18 1 2 4 5 6 7 8 9 10 11 13 14 15 16 17 18 19 20
19 1 2 3 4 5 6 7 8 9 10 11 13 14 15 16 17 18 19 20
13 4 6 8 11 12 13 14 15 16 17 18 19 20
15 1 4 5 6 8 11 12 13 14 15 16 17 18 19 20
17 1 2 3 4 5 6 8 11 12 13 14 15 16 17 18 19 20
15 2 4 6 7 8 11 12 13 14 15 16 17 18 19 20
17 1 2 3 4 6 7 8 11 12 13 14 15 16 17 18 19 20
17 1 2 4 5 6 7 8 11 12 13 14 15 16 17 18 19 20
18 1 2 3 4 5 6 7 8 11 12 13 14 15 16 17 18 19 20
15 2 4 6 8 9 11 12 13 14 15 16 17 18 19 20
17 1 2 3 4 6 8 9 11 12 13 14 15 16 17 18 19 20
17 1 2 4 5 6 8 9 11 12 13 14 15 16 17 18 19 20
18 1 2 3 4 5 6 8 9 11 12 13 14 15 16 17 18 19 20
16 2 4 6 7 8 9 11 12 13 14 15 16 17 18 19 20
18 1 2 3 4 6 7 8 9 11 12 13 14 15 16 17 18 19 20
18 1 2 4 5 6 7 8 9 11 12 13 14 15 16 17 18 19 20
19 1 2 3 4 5 6 7 8 9 11 12 13 14 15 16 17 18 19 20
14 4 6 8 10 11 12 13 14 15 16 17 18 19 20
16 1 4 5 6 8 10 11 12 13 14 15 16 17 18 19 20
18 1 2 3 4 5 6 8 10 11 12 13 14 15 16 17 18 19 20
16 2 4 6 7 8 10 11 12 13 14 15 16 17 18 19 20
18 1 2 3 4 6 7 8 10 11 12 13 14 15 16 17 18 19 20
18 1 2 4 5 6 7 8 10 11 12 13 14 15 16 17 18 19 20
19 1 2 3 4 5 6 7 8 10 11 12 13 14 15 16 17 18 19 20
16 2 4 6 8 9 10 11 12 13 14 15 16 17 18 19 20
18 1 2 3 4 6 8 9 10 11 12 13 14 15 16 17 18 19 20
18 1 2 4 5 6 8 9 10 11 12 13 14 15 16 17 18 19 20
19 1 2 3 4 5 6 8 9 10 11 12 13 14 15 16 17 18 19 20
17 2 4 6 7 8 9 10 11 12 13 14 15 16 17 18 19 20
19 1 2 3 4 6 7 8 9 10 11 12 13 14 15 16 17 18 19 20
19 1 2 4 5 6 7 8 9 10 11 12 13 14 15 16 17 18 19 20
20 1 2 3 4 5 6 7 8 9 10 11 12 13 14 15 16 17 18 19 20
3 16 19 21
5 8 16 17 19 21
7 2 8 9 16 17 19 21
9 1 2 3 8 9 16 17 19 21
11 1 2 3 4 5 8 9 16 17 19 21
9 2 6 7 8 9 16 17 19 21
11 1 2 3 6 7 8 9 16 17 19 21
13 1 2 3 4 5 6 7 8 9 16 17 19 21
7 4 8 10 16 17 19 21
9 1 4 5 8 10 16 17 19 21
11 1 2 3 4 5 8 10 16 17 19 21
13 1 2 3 4 5 6 7 8 10 16 17 19 21
9 2 4 8 9 10 16 17 19 21
11 1 2 3 4 8 9 10 16 17 19 21
11 1 2 4 5 8 9 10 16 17 19 21
12 1 2 3 4 5 8 9 10 16 17 19 21
11 2 4 6 7 8 9 10 16 17 19 21
13 1 2 3 4 6 7 8 9 10 16 17 19 21
13 1 2 4 5 6 7 8 9 10 16 17 19 21
14 1 2 3 4 5 6 7 8 9 10 16 17 19 21
13 1 2 3 4 5 8 9 11 12 16 17 19 21
15 1 2 3 4 5 6 7 8 9 11 12 16 17 19 21
9 4 8 10 11 12 16 17 19 21
11 1 4 5 8 10 11 12 16 17 19 21
13 1 2 3 4 5 8 10 11 12 16 17 19 21
15 1 2 3 4 5 6 7 8 10 11 12 16 17 19 21
11 2 4 8 9 10 11 12 16 17 19 21
13 1 2 3 4 8 9 10 11 12 16 17 19 21
13 1 2 4 5 8 9 10 11 12 16 17 19 21
14 1 2 3 4 5 8 9 10 11 12 16 17 19 21
13 2 4 6 7 8 9 10 11 12 16 17 19 21
15 1 2 3 4 6 7 8 9 10 11 12 16 17 19 21
15 1 2 4 5 6 7 8 9 10 11 12 16 17 19 21
16 1 2 3 4 5 6 7 8 9 10 11 12 16 17 19 21
11 2 6 7 8 9 13 14 16 17 19 21
13 1 2 3 6 7 8 9 13 14 16 17 19 21
15 1 2 3 4 5 6 7 8 9 13 14 16 17 19 21
15 1 2 3 4 5 6 7 8 10 13 14 16 17 19 21
13 2 4 6 7 8 9 10 13 14 16 17 19 21
15 1 2 3 4 6 7 8 9 10 13 14 16 17 19 21
15 1 2 4 5 6 7 8 9 10 13 14 16 17 19 21
16 1 2 3 4 5 6 7 8 9 10 13 14 16 17 19 21
17 1 2 3 4 5 6 7 8 9 11 12 13 14 16 17 19 21
17 1 2 3 4 5 6 7 8 10 11 12 13 14 16 17 19 21
15 2 4 6 7 8 9 10 11 12 13 14 16 17 19 21
17 1 2 3 4 6 7 8 9 10 11 12 13 14 16 17 19 21
17 1 2 4 5 6 7 8 9 10 11 12 13 14 16 17 19 21
18 1 2 3 4 5 6 7 8 9 10 11 12 13 14 16 17 19 21
7 8 13 15 16 17 19 21
9 2 8 9 13 15 16 17 19 21
11 1 2 3 8 9 13 15 16 17 19 21
13 1 2 3 4 5 8 9 13 15 16 17 19 21
11 2 6 7 8 9 13 15 16 17 19 21
13 1 2 3 6 7 8 9 13 15 16 17 19 21
15 1 2 3 4 5 6 7 8 9 13 15 16 17 19 21
9 4 8 10 13 15 16 17 19 21
11 1 4 5 8 10 13 15 16 17 19 21
13 1 2 3 4 5 8 10 13 15 16 17 19 21
15 1 2 3 4 5 6 7 8 10 13 15 16 17 19 21
11 2 4 8 9 10 13 15 16 17 19 21
13 1 2 3 4 8 9 10 13 15 16 17 19 21
13 1 2 4 5 8 9 10 13 15 16 17 19 21
14 1 2 3 4 5 8 9 10 13 15 16 17 19 21
13 2 4 6 7 8 9 10 13 15 16 17 19 21
15 1 2 3 4 6 7 8 9 10 13 15 16 17 19 21
15 1 2 4 5 6 7 8 9 10 13 15 16 17 19 21
16 1 2 3 4 5 6 7 8 9 10 13 15 16 17 19 21
15 1 2 3 4 5 8 9 11 12 13 15 16 17 19 21
17 1 2 3 4 5 6 7 8 9 11 12 13 15 16 17 19 21
11 4 8 10 11 12 13 15 16 17 19 21
13 1 4 5 8 10 11 12 13 15 16 17 19 21
15 1 2 3 4 5 8 10 11 12 13 15 16 17 19 21
17 1 2 3 4 5 6 7 8 10 11 12 13 15 16 17 19 21
13 2 4 8 9 10 11 12 13 15 16 17 19 21
15 1 2 3 4 8 9 10 11 12 13 15 16 17 19 21
15 1 2 4 5 8 9 10 11 12 13 15 16 17 19 21
16 1 2 3 4 5 8 9 10 11 12 13 15 16 17 19 21
15 2 4 6 7 8 9 10 11 12 13 15 16 17 19 21
17 1 2 3 4 6 7 8 9 10 11 12 13 15 16 17 19 21
17 1 2 4 5 6 7 8 9 10 11 12 13 15 16 17 19 21
18 1 2 3 4 5 6 7 8 9 10 11 12 13 15 16 17 19 21
9 6 8 13 14 15 16 17 19 21
11 2 6 7 8 13 14 15 16 17 19 21
13 1 2 3 6 7 8 13 14 15 16 17 19 21
15 1 2 3 4 5 6 7 8 13 14 15 16 17 19 21
11 2 6 8 9 13 14 15 16 17 19 21
13 1 2 3 6 8 9 13 14 15 16 17 19 21
15 1 2 3 4 5 6 8 9 13 14 15 16 17 19 21
12 2 6 7 8 9 13 14 15 16 17 19 21
14 1 2 3 6 7 8 9 13 14 15 16 17 19 21
16 1 2 3 4 5 6 7 8 9 13 14 15 16 17 19 21
11 4 6 8 10 13 14 15 16 17 19 21
13 1 4 5 6 8 10 13 14 15 16 17 19 21
15 1 2 3 4 5 6 8 10 13 14 15 16 17 19 21
13 2 4 6 7 8 10 13 14 15 16 17 19 21
15 1 2 3 4 6 7 8 10 13 14 15 16 17 19 21
15 1 2 4 5 6 7 8 10 13 14 15 16 17 19 21
16 1 2 3 4 5 6 7 8 10 13 14 15 16 17 19 21
13 2 4 6 8 9 10 13 14 15 16 17 19 21
15 1 2 3 4 6 8 9 10 13 14 15 16 17 19 21
15 1 2 4 5 6 8 9 10 13 14 15 16 17 19 21
16 1 2 3 4 5 6 8 9 10 13 14 15 16 17 19 21
14 2 4 6 7 8 9 10 13 14 15 16 17 19 21
16 1 2 3 4 6 7 8 9 10 13 14 15 16 17 19 21
16 1 2 4 5 6 7 8 9 10 13 14 15 16 17 19 21
17 1 2 3 4 5 6 7 8 9 10 13 14 15 16 17 19 21
17 1 2 3 4 5 6 7 8 11 12 13 14 15 16 17 19 21
17 1 2 3 4 5 6 8 9 11 12 13 14 15 16 17 19 21
18 1 2 3 4 5 6 7 8 9 11 12 13 14 15 16 17 19 21
13 4 6 8 10 11 12 13 14 15 16 17 19 21
15 1 4 5 6 8 10 11 12 13 14 15 16 17 19 21
17 1 2 3 4 5 6 8 10 11 12 13 14 15 16 17 19 21
15 2 4 6 7 8 10 11 12 13 14 15 16 17 19 21
17 1 2 3 4 6 7 8 10 11 12 13 14 15 16 17 19 21
17 1 2 4 5 6 7 8 10 11 12 13 14 15 16 17 19 21
18 1 2 3 4 5 6 7 8 10 11 12 13 14 15 16 17 19 21
15 2 4 6 8 9 10 11 12 13 14 15 16 17 19 21
17 1 2 3 4 6 8 9 10 11 12 13 14 15 16 17 19 21
17 1 2 4 5 6 8 9 10 11 12 13 14 15 16 17 19 21
18 1 2 3 4 5 6 8 9 10 11 12 13 14 15 16 17 19 21
16 2 4 6 7 8 9 10 11 12 13 14 15 16 17 19 21
18 1 2 3 4 6 7 8 9 10 11 12 13 14 15 16 17 19 21
18 1 2 4 5 6 7 8 9 10 11 12 13 14 15 16 17 19 21
19 1 2 3 4 5 6 7 8 9 10 11 12 13 14 15 16 17 19 21
5 11 16 18 19 21
7 4 11 12 16 18 19 21
9 1 4 5 11 12 16 18 19 21
11 1 2 3 4 5 11 12 16 18 19 21
13 1 2 3 4 5 6 7 11 12 16 18 19 21
13 1 2 3 4 5 8 9 11 12 16 18 19 21
15 1 2 3 4 5 6 7 8 9 11 12 16 18 19 21
9 4 8 10 11 12 16 18 19 21
11 1 4 5 8 10 11 12 16 18 19 21
13 1 2 3 4 5 8 10 11 12 16 18 19 21
15 1 2 3 4 5 6 7 8 10 11 12 16 18 19 21
11 2 4 8 9 10 11 12 16 18 19 21
13 1 2 3 4 8 9 10 11 12 16 18 19 21
13 1 2 4 5 8 9 10 11 12 16 18 19 21
14 1 2 3 4 5 8 9 10 11 12 16 18 19 21
13 2 4 6 7 8 9 10 11 12 16 18 19 21
15 1 2 3 4 6 7 8 9 10 11 12 16 18 19 21
15 1 2 4 5 6 7 8 9 10 11 12 16 18 19 21
16 1 2 3 4 5 6 7 8 9 10 11 12 16 18 19 21
15 1 2 3 4 5 6 7 11 12 13 14 16 18 19 21
17 1 2 3 4 5 6 7 8 9 11 12 13 14 16 18 19 21
17 1 2 3 4 5 6 7 8 10 11 12 13 14 16 18 19 21
15 2 4 6 7 8 9 10 11 12 13 14 16 18 19 21
17 1 2 3 4 6 7 8 9 10 11 12 13 14 16 18 19 21
17 1 2 4 5 6 7 8 9 10 11 12 13 14 16 18 19 21
18 1 2 3 4 5 6 7 8 9 10 11 12 13 14 16 18 19 21
15 1 2 3 4 5 8 9 11 12 13 15 16 18 19 21
17 1 2 3 4 5 6 7 8 9 11 12 13 15 16 18 19 21
11 4 8 10 11 12 13 15 16 18 19 21
13 1 4 5 8 10 11 12 13 15 16 18 19 21
15 1 2 3 4 5 8 10 11 12 13 15 16 18 19 21
17 1 2 3 4 5 6 7 8 10 11 12 13 15 16 18 19 21
13 2 4 8 9 10 11 12 13 15 16 18 19 21
15 1 2 3 4 8 9 10 11 12 13 15 16 18 19 21
15 1 2 4 5 8 9 10 11 12 13 15 16 18 19 21
16 1 2 3 4 5 8 9 10 11 12 13 15 16 18 19 21
15 2 4 6 7 8 9 10 11 12 13 15 16 18 19 21
17 1 2 3 4 6 7 8 9 10 11 12 13 15 16 18 19 21
17 1 2 4 5 6 7 8 9 10 11 12 13 15 16 18 19 21
18 1 2 3 4 5 6 7 8 9 10 11 12 13 15 16 18 19 21
17 1 2 3 4 5 6 7 8 11 12 13 14 15 16 18 19 21
17 1 2 3 4 5 6 8 9 11 12 13 14 15 16 18 19 21
18 1 2 3 4 5 6 7 8 9 11 12 13 14 15 16 18 19 21
13 4 6 8 10 11 12 13 14 15 16 18 19 21
15 1 4 5 6 8 10 11 12 13 14 15 16 18 19 21
17 1 2 3 4 5 6 8 10 11 12 13 14 15 16 18 19 21
15 2 4 6 7 8 10 11 12 13 14 15 16 18 19 21
17 1 2 3 4 6 7 8 10 11 12 13 14 15 16 18 19 21
17 1 2 4 5 6 7 8 10 11 12 13 14 15 16 18 19 21
18 1 2 3 4 5 6 7 8 10 11 12 13 14 15 16 18 19 21
15 2 4 6 8 9 10 11 12 13 14 15 16 18 19 21
17 1 2 3 4 6 8 9 10 11 12 13 14 15 16 18 19 21
17 1 2 4 5 6 8 9 10 11 12 13 14 15 16 18 19 21
18 1 2 3 4 5 6 8 9 10 11 12 13 14 15 16 18 19 21
16 2 4 6 7 8 9 10 11 12 13 14 15 16 18 19 21
18 1 2 3 4 6 7 8 9 10 11 12 13 14 15 16 18 19 21
18 1 2 4 5 6 7 8 9 10 11 12 13 14 15 16 18 19 21
19 1 2 3 4 5 6 7 8 9 10 11 12 13 14 15 16 18 19 21
7 8 11 16 17 18 19 21
9 2 8 9 11 16 17 18 19 21
11 1 2 3 8 9 11 16 17 18 19 21
13 1 2 3 4 5 8 9 11 16 17 18 19 21
11 2 6 7 8 9 11 16 17 18 19 21
13 1 2 3 6 7 8 9 11 16 17 18 19 21
15 1 2 3 4 5 6 7 8 9 11 16 17 18 19 21
9 4 8 10 11 16 17 18 19 21
11 1 4 5 8 10 11 16 17 18 19 21
13 1 2 3 4 5 8 10 11 16 17 18 19 21
15 1 2 3 4 5 6 7 8 10 11 16 17 18 19 21
11 2 4 8 9 10 11 16 17 18 19 21
13 1 2 3 4 8 9 10 11 16 17 18 19 21
13 1 2 4 5 8 9 10 11 16 17 18 19 21
14 1 2 3 4 5 8 9 10 11 16 17 18 19 21
13 2 4 6 7 8 9 10 11 16 17 18 19 21
15 1 2 3 4 6 7 8 9 10 11 16 17 18 19 21
15 1 2 4 5 6 7 8 9 10 11 16 17 18 19 21
16 1 2 3 4 5 6 7 8 9 10 11 16 17 18 19 21
9 4 8 11 12 16 17 18 19 21
11 1 4 5 8 11 12 16 17 18 19 21
13 1 2 3 4 5 8 11 12 16 17 18 19 21
15 1 2 3 4 5 6 7 8 11 12 16 17 18 19 21
11 2 4 8 9 11 12 16 17 18 19 21
13 1 2 3 4 8 9 11 12 16 17 18 19 21
13 1 2 4 5 8 9 11 12 16 17 18 19 21
14 1 2 3 4 5 8 9 11 12 16 17 18 19 21
13 2 4 6 7 8 9 11 12 16 17 18 19 21
15 1 2 3 4 6 7 8 9 11 12 16 17 18 19 21
15 1 2 4 5 6 7 8 9 11 12 16 17 18 19 21
16 1 2 3 4 5 6 7 8 9 11 12 16 17 18 19 21
10 4 8 10 11 12 16 17 18 19 21
12 1 4 5 8 10 11 12 16 17 18 19 21
14 1 2 3 4 5 8 10 11 12 16 17 18 19 21
16 1 2 3 4 5 6 7 8 10 11 12 16 17 18 19 21
12 2 4 8 9 10 11 12 16 17 18 19 21
14 1 2 3 4 8 9 10 11 12 16 17 18 19 21
14 1 2 4 5 8 9 10 11 12 16 17 18 19 21
15 1 2 3 4 5 8 9 10 11 12 16 17 18 19 21
14 2 4 6 7 8 9 10 11 12 16 17 18 19 21
16 1 2 3 4 6 7 8 9 10 11 12 16 17 18 19 21
16 1 2 4 5 6 7 8 9 10 11 12 16 17 18 19 21
17 1 2 3 4 5 6 7 8 9 10 11 12 16 17 18 19 21
13 2 6 7 8 9 11 13 14 16 17 18 19 21
15 1 2 3 6 7 8 9 11 13 14 16 17 18 19 21
17 1 2 3 4 5 6 7 8 9 11 13 14 16 17 18 19 21
17 1 2 3 4 5 6 7 8 10 11 13 14 16 17 18 19 21
15 2 4 6 7 8 9 10 11 13 14 16 17 18 19 21
17 1 2 3 4 6 7 8 9 10 11 13 14 16 17 18 19 21
17 1 2 4 5 6 7 8 9 10 11 13 14 16 17 18 19 21
18 1 2 3 4 5 6 7 8 9 10 11 13 14 16 17 18 19 21
17 1 2 3 4 5 6 7 8 11 12 13 14 16 17 18 19 21
15 2 4 6 7 8 9 11 12 13 14 16 17 18 19 21
17 1 2 3 4 6 7 8 9 11 12 13 14 16 17 18 19 21
17 1 2 4 5 6 7 8 9 11 12 13 14 16 17 18 19 21
18 1 2 3 4 5 6 7 8 9 11 12 13 14 16 17 18 19 21
18 1 2 3 4 5 6 7 8 10 11 12 13 14 16 17 18 19 21
16 2 4 6 7 8 9 10 11 12 13 14 16 17 18 19 21
18 1 2 3 4 6 7 8 9 10 11 12 13 14 16 17 18 19 21
18 1 2 4 5 6 7 8 9 10 11 12 13 14 16 17 18 19 21
19 1 2 3 4 5 6 7 8 9 10 11 12 13 14 16 17 18 19 21
9 8 11 13 15 16 17 18 19 21
11 2 8 9 11 13 15 16 17 18 19 21
13 1 2 3 8 9 11 13 15 16 17 18 19 21
15 1 2 3 4 5 8 9 11 13 15 16 17 18 19 21
13 2 6 7 8 9 11 13 15 16 17 18 19 21
15 1 2 3 6 7 8 9 11 13 15 16 17 18 19 21
17 1 2 3 4 5 6 7 8 9 11 13 15 16 17 18 19 21
11 4 8 10 11 13 15 16 17 18 19 21
13 1 4 5 8 10 11 13 15 16 17 18 19 21
15 1 2 3 4 5 8 10 11 13 15 16 17 18 19 21
17 1 2 3 4 5 6 7 8 10 11 13 15 16 17 18 19 21
13 2 4 8 9 10 11 13 15 16 17 18 19 21
15 1 2 3 4 8 9 10 11 13 15 16 17 18 19 21
15 1 2 4 5 8 9 10 11 13 15 16 17 18 19 21
16 1 2 3 4 5 8 9 10 11 13 15 16 17 18 19 21
15 2 4 6 7 8 9 10 11 13 15 16 17 18 19 21
17 1 2 3 4 6 7 8 9 10 11 13 15 16 17 18 19 21
17 1 2 4 5 6 7 8 9 10 11 13 15 16 17 18 19 21
18 1 2 3 4 5 6 7 8 9 10 11 13 15 16 17 18 19 21
11 4 8 11 12 13 15 16 17 18 19 21
13 1 4 5 8 11 12 13 15 16 17 18 19 21
15 1 2 3 4 5 8 11 12 13 15 16 17 18 19 21
17 1 2 3 4 5 6 7 8 11 12 13 15 16 17 18 19 21
13 2 4 8 9 11 12 13 15 16 17 18 19 21
15 1 2 3 4 8 9 11 12 13 15 16 17 18 19 21
15 1 2 4 5 8 9 11 12 13 15 16 17 18 19 21
16 1 2 3 4 5 8 9 11 12 13 15 16 17 18 19 21
15 2 4 6 7 8 9 11 12 13 15 16 17 18 19 21
17 1 2 3 4 6 7 8 9 11 12 13 15 16 17 18 19 21
17 1 2 4 5 6 7 8 9 11 12 13 15 16 17 18 19 21
18 1 2 3 4 5 6 7 8 9 11 12 13 15 16 17 18 19 21
12 4 8 10 11 12 13 15 16 17 18 19 21
14 1 4 5 8 10 11 12 13 15 16 17 18 19 21
16 1 2 3 4 5 8 10 11 12 13 15 16 17 18 19 21
18 1 2 3 4 5 6 7 8 10 11 12 13 15 16 17 18 19 21
14 2 4 8 9 10 11 12 13 15 16 17 18 19 21
16 1 2 3 4 8 9 10 11 12 13 15 16 17 18 19 21
16 1 2 4 5 8 9 10 11 12 13 15 16 17 18 19 21
17 1 2 3 4 5 8 9 10 11 12 13 15 16 17 18 19 21
16 2 4 6 7 8 9 10 11 12 13 15 16 17 18 19 21
18 1 2 3 4 6 7 8 9 10 11 12 13 15 16 17 18 19 21
18 1 2 4 5 6 7 8 9 10 11 12 13 15 16 17 18 19 21
19 1 2 3 4 5 6 7 8 9 10 11 12 13 15 16 17 18 19 21
11 6 8 11 13 14 15 16 17 18 19 21
13 2 6 7 8 11 13 14 15 16 17 18 19 21
15 1 2 3 6 7 8 11 13 14 15 16 17 18 19 21
17 1 2 3 4 5 6 7 8 11 13 14 15 16 17 18 19 21
13 2 6 8 9 11 13 14 15 16 17 18 19 21
15 1 2 3 6 8 9 11 13 14 15 16 17 18 19 21
17 1 2 3 4 5 6 8 9 11 13 14 15 16 17 18 19 21
14 2 6 7 8 9 11 13 14 15 16 17 18 19 21
16 1 2 3 6 7 8 9 11 13 14 15 16 17 18 19 21
18 1 2 3 4 5 6 7 8 9 11 13 14 15 16 17 18 19 21
13 4 6 8 10 11 13 14 15 16 17 18 19 21
15 1 4 5 6 8 10 11 13 14 15 16 17 18 19 21
17 1 2 3 4 5 6 8 10 11 13 14 15 16 17 18 19 21
15 2 4 6 7 8 10 11 13 14 15 16 17 18 19 21
17 1 2 3 4 6 7 8 10 11 13 14 15 16 17 18 19 21
17 1 2 4 5 6 7 8 10 11 13 14 15 16 17 18 19 21
18 1 2 3 4 5 6 7 8 10 11 13 14 15 16 17 18 19 21
15 2 4 6 8 9 10 11 13 14 15 16 17 18 19 21
17 1 2 3 4 6 8 9 10 11 13 14 15 16 17 18 19 21
17 1 2 4 5 6 8 9 10 11 13 14 15 16 17 18 19 21
18 1 2 3 4 5 6 8 9 10 11 13 14 15 16 17 18 19 21
16 2 4 6 7 8 9 10 11 13 14 15 16 17 18 19 21
18 1 2 3 4 6 7 8 9 10 11 13 14 15 16 17 18 19 21
18 1 2 4 5 6 7 8 9 10 11 13 14 15 16 17 18 19 21
19 1 2 3 4 5 6 7 8 9 10 11 13 14 15 16 17 18 19 21
13 4 6 8 11 12 13 14 15 16 17 18 19 21
15 1 4 5 6 8 11 12 13 14 15 16 17 18 19 21
17 1 2 3 4 5 6 8 11 12 13 14 15 16 17 18 19 21
15 2 4 6 7 8 11 12 13 14 15 16 17 18 19 21
17 1 2 3 4 6 7 8 11 12 13 14 15 16 17 18 19 21
17 1 2 4 5 6 7 8 11 12 13 14 15 16 17 18 19 21
18 1 2 3 4 5 6 7 8 11 12 13 14 15 16 17 18 19 21
15 2 4 6 8 9 11 12 13 14 15 16 17 18 19 21
17 1 2 3 4 6 8 9 11 12 13 14 15 16 17 18 19 21
17 1 2 4 5 6 8 9 11 12 13 14 15 16 17 18 19 21
18 1 2 3 4 5 6 8 9 11 12 13 14 15 16 17 18 19 21
16 2 4 6 7 8 9 11 12 13 14 15 16 17 18 19 21
18 1 2 3 4 6 7 8 9 11 12 13 14 15 16 17 18 19 21
18 1 2 4 5 6 7 8 9 11 12 13 14 15 16 17 18 19 21
19 1 2 3 4 5 6 7 8 9 11 12 13 14 15 16 17 18 19 21
14 4 6 8 10 11 12 13 14 15 16 17 18 19 21
16 1 4 5 6 8 10 11 12 13 14 15 16 17 18 19 21
18 1 2 3 4 5 6 8 10 11 12 13 14 15 16 17 18 19 21
16 2 4 6 7 8 10 11 12 13 14 15 16 17 18 19 21
18 1 2 3 4 6 7 8 10 11 12 13 14 15 16 17 18 19 21
18 1 2 4 5 6 7 8 10 11 12 13 14 15 16 17 18 19 21
19 1 2 3 4 5 6 7 8 10 11 12 13 14 15 16 17 18 19 21
16 2 4 6 8 9 10 11 12 13 14 15 16 17 18 19 21
18 1 2 3 4 6 8 9 10 11 12 13 14 15 16 17 18 19 21
18 1 2 4 5 6 8 9 10 11 12 13 14 15 16 17 18 19 21
19 1 2 3 4 5 6 8 9 10 11 12 13 14 15 16 17 18 19 21
17 2 4 6 7 8 9 10 11 12 13 14 15 16 17 18 19 21
19 1 2 3 4 6 7 8 9 10 11 12 13 14 15 16 17 18 19 21
19 1 2 4 5 6 7 8 9 10 11 12 13 14 15 16 17 18 19 21
20 1 2 3 4 5 6 7 8 9 10 11 12 13 14 15 16 17 18 19 21
5 13 16 19 20 21
7 6 13 14 16 19 20 21
9 2 6 7 13 14 16 19 20 21
11 1 2 3 6 7 13 14 16 19 20 21
13 1 2 3 4 5 6 7 13 14 16 19 20 21
11 2 6 7 8 9 13 14 16 19 20 21
13 1 2 3 6 7 8 9 13 14 16 19 20 21
15 1 2 3 4 5 6 7 8 9 13 14 16 19 20 21
15 1 2 3 4 5 6 7 8 10 13 14 16 19 20 21
13 2 4 6 7 8 9 10 13 14 16 19 20 21
15 1 2 3 4 6 7 8 9 10 13 14 16 19 20 21
15 1 2 4 5 6 7 8 9 10 13 14 16 19 20 21
16 1 2 3 4 5 6 7 8 9 10 13 14 16 19 20 21
15 1 2 3 4 5 6 7 11 12 13 14 16 19 20 21
17 1 2 3 4 5 6 7 8 9 11 12 13 14 16 19 20 21
17 1 2 3 4 5 6 7 8 10 11 12 13 14 16 19 20 21
15 2 4 6 7 8 9 10 11 12 13 14 16 19 20 21
17 1 2 3 4 6 7 8 9 10 11 12 13 14 16 19 20 21
17 1 2 4 5 6 7 8 9 10 11 12 13 14 16 19 20 21
18 1 2 3 4 5 6 7 8 9 10 11 12 13 14 16 19 20 21
7 8 13 15 16 19 20 21
9 2 8 9 13 15 16 19 20 21
11 1 2 3 8 9 13 15 16 19 20 21
13 1 2 3 4 5 8 9 13 15 16 19 20 21
11 2 6 7 8 9 13 15 16 19 20 21
13 1 2 3 6 7 8 9 13 15 16 19 20 21
15 1 2 3 4 5 6 7 8 9 13 15 16 19 20 21
9 4 8 10 13 15 16 19 20 21
11 1 4 5 8 10 13 15 16 19 20 21
13 1 2 3 4 5 8 10 13 15 16 19 20 21
15 1 2 3 4 5 6 7 8 10 13 15 16 19 20 21
11 2 4 8 9 10 13 15 16 19 20 21
13 1 2 3 4 8 9 10 13 15 16 19 20 21
13 1 2 4 5 8 9 10 13 15 16 19 20 21
14 1 2 3 4 5 8 9 10 13 15 16 19 20 21
13 2 4 6 7 8 9 10 13 15 16 19 20 21
15 1 2 3 4 6 7 8 9 10 13 15 16 19 20 21
15 1 2 4 5 6 7 8 9 10 13 15 16 19 20 21
16 1 2 3 4 5 6 7 8 9 10 13 15 16 19 20 21
15 1 2 3 4 5 8 9 11 12 13 15 16 19 20 21
17 1 2 3 4 5 6 7 8 9 11 12 13 15 16 19 20 21
11 4 8 10 11 12 13 15 16 19 20 21
13 1 4 5 8 10 11 12 13 15 16 19 20 21
15 1 2 3 4 5 8 10 11 12 13 15 16 19 20 21
17 1 2 3 4 5 6 7 8 10 11 12 13 15 16 19 20 21
13 2 4 8 9 10 11 12 13 15 16 19 20 21
15 1 2 3 4 8 9 10 11 12 13 15 16 19 20 21
15 1 2 4 5 8 9 10 11 12 13 15 16 19 20 21
16 1 2 3 4 5 8 9 10 11 12 13 15 16 19 20 21
15 2 4 6 7 8 9 10 11 12 13 15 16 19 20 21
17 1 2 3 4 6 7 8 9 10 11 12 13 15 16 19 20 21
17 1 2 4 5 6 7 8 9 10 11 12 13 15 16 19 20 21
18 1 2 3 4 5 6 7 8 9 10 11 12 13 15 16 19 20 21
9 6 8 13 14 15 16 19 20 21
11 2 6 7 8 13 14 15 16 19 20 21
13 1 2 3 6 7 8 13 14 15 16 19 20 21
15 1 2 3 4 5 6 7 8 13 14 15 16 19 20 21
11 2 6 8 9 13 14 15 16 19 20 21
13 1 2 3 6 8 9 13 14 15 16 19 20 21
15 1 2 3 4 5 6 8 9 13 14 15 16 19 20 21
12 2 6 7 8 9 13 14 15 16 19 20 21
14 1 2 3 6 7 8 9 13 14 15 16 19 20 21
16 1 2 3 4 5 6 7 8 9 13 14 15 16 19 20 21
11 4 6 8 10 13 14 15 16 19 20 21
13 1 4 5 6 8 10 13 14 15 16 19 20 21
15 1 2 3 4 5 6 8 10 13 14 15 16 19 20 21
13 2 4 6 7 8 10 13 14 15 16 19 20 21
15 1 2 3 4 6 7 8 10 13 14 15 16 19 20 21
15 1 2 4 5 6 7 8 10 13 14 15 16 19 20 21
16 1 2 3 4 5 6 7 8 10 13 14 15 16 19 20 21
13 2 4 6 8 9 10 13 14 15 16 19 20 21
15 1 2 3 4 6 8 9 10 13 14 15 16 19 20 21
15 1 2 4 5 6 8 9 10 13 14 15 16 19 20 21
16 1 2 3 4 5 6 8 9 10 13 14 15 16 19 20 21
14 2 4 6 7 8 9 10 13 14 15 16 19 20 21
16 1 2 3 4 6 7 8 9 10 13 14 15 16 19 20 21
16 1 2 4 5 6 7 8 9 10 13 14 15 16 19 20 21
17 1 2 3 4 5 6 7 8 9 10 13 14 15 16 19 20 21
17 1 2 3 4 5 6 7 8 11 12 13 14 15 16 19 20 21
17 1 2 3 4 5 6 8 9 11 12 13 14 15 16 19 20 21
18 1 2 3 4 5 6 7 8 9 11 12 13 14 15 16 19 20 21
13 4 6 8 10 11 12 13 14 15 16 19 20 21
15 1 4 5 6 8 10 11 12 13 14 15 16 19 20 21
17 1 2 3 4 5 6 8 10 11 12 13 14 15 16 19 20 21
15 2 4 6 7 8 10 11 12 13 14 15 16 19 20 21
17 1 2 3 4 6 7 8 10 11 12 13 14 15 16 19 20 21
17 1 2 4 5 6 7 8 10 11 12 13 14 15 16 19 20 21
18 1 2 3 4 5 6 7 8 10 11 12 13 14 15 16 19 20 21
15 2 4 6 8 9 10 11 12 13 14 15 16 19 20 21
17 1 2 3 4 6 8 9 10 11 12 13 14 15 16 19 20 21
17 1 2 4 5 6 8 9 10 11 12 13 14 15 16 19 20 21
18 1 2 3 4 5 6 8 9 10 11 12 13 14 15 16 19 20 21
16 2 4 6 7 8 9 10 11 12 13 14 15 16 19 20 21
18 1 2 3 4 6 7 8 9 10 11 12 13 14 15 16 19 20 21
18 1 2 4 5 6 7 8 9 10 11 12 13 14 15 16 19 20 21
19 1 2 3 4 5 6 7 8 9 10 11 12 13 14 15 16 19 20 21
7 8 13 16 17 19 20 21
9 2 8 9 13 16 17 19 20 21
11 1 2 3 8 9 13 16 17 19 20 21
13 1 2 3 4 5 8 9 13 16 17 19 20 21
11 2 6 7 8 9 13 16 17 19 20 21
13 1 2 3 6 7 8 9 13 16 17 19 20 21
15 1 2 3 4 5 6 7 8 9 13 16 17 19 20 21
9 4 8 10 13 16 17 19 20 21
11 1 4 5 8 10 13 16 17 19 20 21
13 1 2 3 4 5 8 10 13 16 17 19 20 21
15 1 2 3 4 5 6 7 8 10 13 16 17 19 20 21
11 2 4 8 9 10 13 16 17 19 20 21
13 1 2 3 4 8 9 10 13 16 17 19 20 21
13 1 2 4 5 8 9 10 13 16 17 19 20 21
14 1 2 3 4 5 8 9 10 13 16 17 19 20 21
13 2 4 6 7 8 9 10 13 16 17 19 20 21
15 1 2 3 4 6 7 8 9 10 13 16 17 19 20 21
15 1 2 4 5 6 7 8 9 10 13 16 17 19 20 21
16 1 2 3 4 5 6 7 8 9 10 13 16 17 19 20 21
15 1 2 3 4 5 8 9 11 12 13 16 17 19 20 21
17 1 2 3 4 5 6 7 8 9 11 12 13 16 17 19 20 21
11 4 8 10 11 12 13 16 17 19 20 21
13 1 4 5 8 10 11 12 13 16 17 19 20 21
15 1 2 3 4 5 8 10 11 12 13 16 17 19 20 21
17 1 2 3 4 5 6 7 8 10 11 12 13 16 17 19 20 21
13 2 4 8 9 10 11 12 13 16 17 19 20 21
15 1 2 3 4 8 9 10 11 12 13 16 17 19 20 21
15 1 2 4 5 8 9 10 11 12 13 16 17 19 20 21
16 1 2 3 4 5 8 9 10 11 12 13 16 17 19 20 21
15 2 4 6 7 8 9 10 11 12 13 16 17 19 20 21
17 1 2 3 4 6 7 8 9 10 11 12 13 16 17 19 20 21
17 1 2 4 5 6 7 8 9 10 11 12 13 16 17 19 20 21
18 1 2 3 4 5 6 7 8 9 10 11 12 13 16 17 19 20 21
9 6 8 13 14 16 17 19 20 21
11 2 6 7 8 13 14 16 17 19 20 21
13 1 2 3 6 7 8 13 14 16 17 19 20 21
15 1 2 3 4 5 6 7 8 13 14 16 17 19 20 21
11 2 6 8 9 13 14 16 17 19 20 21
13 1 2 3 6 8 9 13 14 16 17 19 20 21
15 1 2 3 4 5 6 8 9 13 14 16 17 19 20 21
12 2 6 7 8 9 13 14 16 17 19 20 21
14 1 2 3 6 7 8 9 13 14 16 17 19 20 21
16 1 2 3 4 5 6 7 8 9 13 14 16 17 19 20 21
11 4 6 8 10 13 14 16 17 19 20 21
13 1 4 5 6 8 10 13 14 16 17 19 20 21
15 1 2 3 4 5 6 8 10 13 14 16 17 19 20 21
13 2 4 6 7 8 10 13 14 16 17 19 20 21
15 1 2 3 4 6 7 8 10 13 14 16 17 19 20 21
15 1 2 4 5 6 7 8 10 13 14 16 17 19 20 21
16 1 2 3 4 5 6 7 8 10 13 14 16 17 19 20 21
13 2 4 6 8 9 10 13 14 16 17 19 20 21
15 1 2 3 4 6 8 9 10 13 14 16 17 19 20 21
15 1 2 4 5 6 8 9 10 13 14 16 17 19 20 21
16 1 2 3 4 5 6 8 9 10 13 14 16 17 19 20 21
14 2 4 6 7 8 9 10 13 14 16 17 19 20 21
16 1 2 3 4 6 7 8 9 10 13 14 16 17 19 20 21
16 1 2 4 5 6 7 8 9 10 13 14 16 17 19 20 21
17 1 2 3 4 5 6 7 8 9 10 13 14 16 17 19 20 21
17 1 2 3 4 5 6 7 8 11 12 13 14 16 17 19 20 21
17 1 2 3 4 5 6 8 9 11 12 13 14 16 17 19 20 21
18 1 2 3 4 5 6 7 8 9 11 12 13 14 16 17 19 20 21
13 4 6 8 10 11 12 13 14 16 17 19 20 21
15 1 4 5 6 8 10 11 12 13 14 16 17 19 20 21
17 1 2 3 4 5 6 8 10 11 12 13 14 16 17 19 20 21
15 2 4 6 7 8 10 11 12 13 14 16 17 19 20 21
17 1 2 3 4 6 7 8 10 11 12 13 14 16 17 19 20 21
17 1 2 4 5 6 7 8 10 11 12 13 14 16 17 19 20 21
18 1 2 3 4 5 6 7 8 10 11 12 13 14 16 17 19 20 21
15 2 4 6 8 9 10 11 12 13 14 16 17 19 20 21
17 1 2 3 4 6 8 9 10 11 12 13 14 16 17 19 20 21
17 1 2 4 5 6 8 9 10 11 12 13 14 16 17 19 20 21
18 1 2 3 4 5 6 8 9 10 11 12 13 14 16 17 19 20 21
16 2 4 6 7 8 9 10 11 12 13 14 16 17 19 20 21
18 1 2 3 4 6 7 8 9 10 11 12 13 14 16 17 19 20 21
18 1 2 4 5 6 7 8 9 10 11 12 13 14 16 17 19 20 21
19 1 2 3 4 5 6 7 8 9 10 11 12 13 14 16 17 19 20 21
8 8 13 15 16 17 19 20 21
10 2 8 9 13 15 16 17 19 20 21
12 1 2 3 8 9 13 15 16 17 19 20 21
14 1 2 3 4 5 8 9 13 15 16 17 19 20 21
12 2 6 7 8 9 13 15 16 17 19 20 21
14 1 2 3 6 7 8 9 13 15 16 17 19 20 21
16 1 2 3 4 5 6 7 8 9 13 15 16 17 19 20 21
10 4 8 10 13 15 16 17 19 20 21
12 1 4 5 8 10 13 15 16 17 19 20 21
14 1 2 3 4 5 8 10 13 15 16 17 19 20 21
16 1 2 3 4 5 6 7 8 10 13 15 16 17 19 20 21
12 2 4 8 9 10 13 15 16 17 19 20 21
14 1 2 3 4 8 9 10 13 15 16 17 19 20 21
14 1 2 4 5 8 9 10 13 15 16 17 19 20 21
15 1 2 3 4 5 8 9 10 13 15 16 17 19 20 21
14 2 4 6 7 8 9 10 13 15 16 17 19 20 21
16 1 2 3 4 6 7 8 9 10 13 15 16 17 19 20 21
16 1 2 4 5 6 7 8 9 10 13 15 16 17 19 20 21
17 1 2 3 4 5 6 7 8 9 10 13 15 16 17 19 20 21
16 1 2 3 4 5 8 9 11 12 13 15 16 17 19 20 21
18 1 2 3 4 5 6 7 8 9 11 12 13 15 16 17 19 20 21
12 4 8 10 11 12 13 15 16 17 19 20 21
14 1 4 5 8 10 11 12 13 15 16 17 19 20 21
16 1 2 3 4 5 8 10 11 12 13 15 16 17 19 20 21
18 1 2 3 4 5 6 7 8 10 11 12 13 15 16 17 19 20 21
14 2 4 8 9 10 11 12 13 15 16 17 19 20 21
16 1 2 3 4 8 9 10 11 12 13 15 16 17 19 20 21
16 1 2 4 5 8 9 10 11 12 13 15 16 17 19 20 21
17 1 2 3 4 5 8 9 10 11 12 13 15 16 17 19 20 21
16 2 4 6 7 8 9 10 11 12 13 15 16 17 19 20 21
18 1 2 3 4 6 7 8 9 10 11 12 13 15 16 17 19 20 21
18 1 2 4 5 6 7 8 9 10 11 12 13 15 16 17 19 20 21
19 1 2 3 4 5 6 7 8 9 10 11 12 13 15 16 17 19 20 21
10 6 8 13 14 15 16 17 19 20 21
12 2 6 7 8 13 14 15 16 17 19 20 21
14 1 2 3 6 7 8 13 14 15 16 17 19 20 21
16 1 2 3 4 5 6 7 8 13 14 15 16 17 19 20 21
12 2 6 8 9 13 14 15 16 17 19 20 21
14 1 2 3 6 8 9 13 14 15 16 17 19 20 21
16 1 2 3 4 5 6 8 9 13 14 15 16 17 19 20 21
13 2 6 7 8 9 13 14 15 16 17 19 20 21
15 1 2 3 6 7 8 9 13 14 15 16 17 19 20 21
17 1 2 3 4 5 6 7 8 9 13 14 15 16 17 19 20 21
12 4 6 8 10 13 14 15 16 17 19 20 21
14 1 4 5 6 8 10 13 14 15 16 17 19 20 21
16 1 2 3 4 5 6 8 10 13 14 15 16 17 19 20 21
14 2 4 6 7 8 10 13 14 15 16 17 19 20 21
16 1 2 3 4 6 7 8 10 13 14 15 16 17 19 20 21
16 1 2 4 5 6 7 8 10 13 14 15 16 17 19 20 21
17 1 2 3 4 5 6 7 8 10 13 14 15 16 17 19 20 21
14 2 4 6 8 9 10 13 14 15 16 17 19 20 21
16 1 2 3 4 6 8 9 10 13 14 15 16 17 19 20 21
16 1 2 4 5 6 8 9 10 13 14 15 16 17 19 20 21
17 1 2 3 4 5 6 8 9 10 13 14 15 16 17 19 20 21
15 2 4 6 7 8 9 10 13 14 15 16 17 19 20 21
17 1 2 3 4 6 7 8 9 10 13 14 15 16 17 19 20 21
17 1 2 4 5 6 7 8 9 10 13 14 15 16 17 19 20 21
18 1 2 3 4 5 6 7 8 9 10 13 14 15 16 17 19 20 21
18 1 2 3 4 5 6 7 8 11 12 13 14 15 16 17 19 20 21
18 1 2 3 4 5 6 8 9 11 12 13 14 15 16 17 19 20 21
19 1 2 3 4 5 6 7 8 9 11 12 13 14 15 16 17 19 20 21
14 4 6 8 10 11 12 13 14 15 16 17 19 20 21
16 1 4 5 6 8 10 11 12 13 14 15 16 17 19 20 21
18 1 2 3 4 5 6 8 10 11 12 13 14 15 16 17 19 20 21
16 2 4 6 7 8 10 11 12 13 14 15 16 17 19 20 21
18 1 2 3 4 6 7 8 10 11 12 13 14 15 16 17 19 20 21
18 1 2 4 5 6 7 8 10 11 12 13 14 15 16 17 19 20 21
19 1 2 3 4 5 6 7 8 10 11 12 13 14 15 16 17 19 20 21
16 2 4 6 8 9 10 11 12 13 14 15 16 17 19 20 21
18 1 2 3 4 6 8 9 10 11 12 13 14 15 16 17 19 20 21
18 1 2 4 5 6 8 9 10 11 12 13 14 15 16 17 19 20 21
19 1 2 3 4 5 6 8 9 10 11 12 13 14 15 16 17 19 20 21
17 2 4 6 7 8 9 10 11 12 13 14 15 16 17 19 20 21
19 1 2 3 4 6 7 8 9 10 11 12 13 14 15 16 17 19 20 21
19 1 2 4 5 6 7 8 9 10 11 12 13 14 15 16 17 19 20 21
20 1 2 3 4 5 6 7 8 9 10 11 12 13 14 15 16 17 19 20 21
7 11 13 16 18 19 20 21
9 4 11 12 13 16 18 19 20 21
11 1 4 5 11 12 13 16 18 19 20 21
13 1 2 3 4 5 11 12 13 16 18 19 20 21
15 1 2 3 4 5 6 7 11 12 13 16 18 19 20 21
15 1 2 3 4 5 8 9 11 12 13 16 18 19 20 21
17 1 2 3 4 5 6 7 8 9 11 12 13 16 18 19 20 21
11 4 8 10 11 12 13 16 18 19 20 21
13 1 4 5 8 10 11 12 13 16 18 19 20 21
15 1 2 3 4 5 8 10 11 12 13 16 18 19 20 21
17 1 2 3 4 5 6 7 8 10 11 12 13 16 18 19 20 21
13 2 4 8 9 10 11 12 13 16 18 19 20 21
15 1 2 3 4 8 9 10 11 12 13 16 18 19 20 21
15 1 2 4 5 8 9 10 11 12 13 16 18 19 20 21
16 1 2 3 4 5 8 9 10 11 12 13 16 18 19 20 21
15 2 4 6 7 8 9 10 11 12 13 16 18 19 20 21
17 1 2 3 4 6 7 8 9 10 11 12 13 16 18 19 20 21
17 1 2 4 5 6 7 8 9 10 11 12 13 16 18 19 20 21
18 1 2 3 4 5 6 7 8 9 10 11 12 13 16 18 19 20 21
9 6 11 13 14 16 18 19 20 21
11 2 6 7 11 13 14 16 18 19 20 21
13 1 2 3 6 7 11 13 14 16 18 19 20 21
15 1 2 3 4 5 6 7 11 13 14 16 18 19 20 21
13 2 6 7 8 9 11 13 14 16 18 19 20 21
15 1 2 3 6 7 8 9 11 13 14 16 18 19 20 21
17 1 2 3 4 5 6 7 8 9 11 13 14 16 18 19 20 21
17 1 2 3 4 5 6 7 8 10 11 13 14 16 18 19 20 21
15 2 4 6 7 8 9 10 11 13 14 16 18 19 20 21
17 1 2 3 4 6 7 8 9 10 11 13 14 16 18 19 20 21
17 1 2 4 5 6 7 8 9 10 11 13 14 16 18 19 20 21
18 1 2 3 4 5 6 7 8 9 10 11 13 14 16 18 19 20 21
11 4 6 11 12 13 14 16 18 19 20 21
13 1 4 5 6 11 12 13 14 16 18 19 20 21
15 1 2 3 4 5 6 11 12 13 14 16 18 19 20 21
13 2 4 6 7 11 12 13 14 16 18 19 20 21
15 1 2 3 4 6 7 11 12 13 14 16 18 19 20 21
15 1 2 4 5 6 7 11 12 13 14 16 18 19 20 21
16 1 2 3 4 5 6 7 11 12 13 14 16 18 19 20 21
17 1 2 3 4 5 6 8 9 11 12 13 14 16 18 19 20 21
15 2 4 6 7 8 9 11 12 13 14 16 18 19 20 21
17 1 2 3 4 6 7 8 9 11 12 13 14 16 18 19 20 21
17 1 2 4 5 6 7 8 9 11 12 13 14 16 18 19 20 21
18 1 2 3 4 5 6 7 8 9 11 12 13 14 16 18 19 20 21
13 4 6 8 10 11 12 13 14 16 18 19 20 21
15 1 4 5 6 8 10 11 12 13 14 16 18 19 20 21
17 1 2 3 4 5 6 8 10 11 12 13 14 16 18 19 20 21
15 2 4 6 7 8 10 11 12 13 14 16 18 19 20 21
17 1 2 3 4 6 7 8 10 11 12 13 14 16 18 19 20 21
17 1 2 4 5 6 7 8 10 11 12 13 14 16 18 19 20 21
18 1 2 3 4 5 6 7 8 10 11 12 13 14 16 18 19 20 21
15 2 4 6 8 9 10 11 12 13 14 16 18 19 20 21
17 1 2 3 4 6 8 9 10 11 12 13 14 16 18 19 20 21
17 1 2 4 5 6 8 9 10 11 12 13 14 16 18 19 20 21
18 1 2 3 4 5 6 8 9 10 11 12 13 14 16 18 19 20 21
16 2 4 6 7 8 9 10 11 12 13 14 16 18 19 20 21
18 1 2 3 4 6 7 8 9 10 11 12 13 14 16 18 19 20 21
18 1 2 4 5 6 7 8 9 10 11 12 13 14 16 18 19 20 21
19 1 2 3 4 5 6 7 8 9 10 11 12 13 14 16 18 19 20 21
9 8 11 13 15 16 18 19 20 21
11 2 8 9 11 13 15 16 18 19 20 21
13 1 2 3 8 9 11 13 15 16 18 19 20 21
15 1 2 3 4 5 8 9 11 13 15 16 18 19 20 21
13 2 6 7 8 9 11 13 15 16 18 19 20 21
15 1 2 3 6 7 8 9 11 13 15 16 18 19 20 21
17 1 2 3 4 5 6 7 8 9 11 13 15 16 18 19 20 21
11 4 8 10 11 13 15 16 18 19 20 21
13 1 4 5 8 10 11 13 15 16 18 19 20 21
15 1 2 3 4 5 8 10 11 13 15 16 18 19 20 21
17 1 2 3 4 5 6 7 8 10 11 13 15 16 18 19 20 21
13 2 4 8 9 10 11 13 15 16 18 19 20 21
15 1 2 3 4 8 9 10 11 13 15 16 18 19 20 21
15 1 2 4 5 8 9 10 11 13 15 16 18 19 20 21
16 1 2 3 4 5 8 9 10 11 13 15 16 18 19 20 21
15 2 4 6 7 8 9 10 11 13 15 16 18 19 20 21
17 1 2 3 4 6 7 8 9 10 11 13 15 16 18 19 20 21
17 1 2 4 5 6 7 8 9 10 11 13 15 16 18 19 20 21
18 1 2 3 4 5 6 7 8 9 10 11 13 15 16 18 19 20 21
11 4 8 11 12 13 15 16 18 19 20 21
13 1 4 5 8 11 12 13 15 16 18 19 20 21
15 1 2 3 4 5 8 11 12 13 15 16 18 19 20 21
17 1 2 3 4 5 6 7 8 11 12 13 15 16 18 19 20 21
13 2 4 8 9 11 12 13 15 16 18 19 20 21
15 1 2 3 4 8 9 11 12 13 15 16 18 19 20 21
15 1 2 4 5 8 9 11 12 13 15 16 18 19 20 21
16 1 2 3 4 5 8 9 11 12 13 15 16 18 19 20 21
15 2 4 6 7 8 9 11 12 13 15 16 18 19 20 21
17 1 2 3 4 6 7 8 9 11 12 13 15 16 18 19 20 21
17 1 2 4 5 6 7 8 9 11 12 13 15 16 18 19 20 21
18 1 2 3 4 5 6 7 8 9 11 12 13 15 16 18 19 20 21
12 4 8 10 11 12 13 15 16 18 19 20 21
14 1 4 5 8 10 11 12 13 15 16 18 19 20 21
16 1 2 3 4 5 8 10 11 12 13 15 16 18 19 20 21
18 1 2 3 4 5 6 7 8 10 11 12 13 15 16 18 19 20 21
14 2 4 8 9 10 11 12 13 15 16 18 19 20 21
16 1 2 3 4 8 9 10 11 12 13 15 16 18 19 20 21
16 1 2 4 5 8 9 10 11 12 13 15 16 18 19 20 21
17 1 2 3 4 5 8 9 10 11 12 13 15 16 18 19 20 21
16 2 4 6 7 8 9 10 11 12 13 15 16 18 19 20 21
18 1 2 3 4 6 7 8 9 10 11 12 13 15 16 18 19 20 21
18 1 2 4 5 6 7 8 9 10 11 12 13 15 16 18 19 20 21
19 1 2 3 4 5 6 7 8 9 10 11 12 13 15 16 18 19 20 21
11 6 8 11 13 14 15 16 18 19 20 21
13 2 6 7 8 11 13 14 15 16 18 19 20 21
15 1 2 3 6 7 8 11 13 14 15 16 18 19 20 21
17 1 2 3 4 5 6 7 8 11 13 14 15 16 18 19 20 21
13 2 6 8 9 11 13 14 15 16 18 19 20 21
15 1 2 3 6 8 9 11 13 14 15 16 18 19 20 21
17 1 2 3 4 5 6 8 9 11 13 14 15 16 18 19 20 21
14 2 6 7 8 9 11 13 14 15 16 18 19 20 21
16 1 2 3 6 7 8 9 11 13 14 15 16 18 19 20 21
18 1 2 3 4 5 6 7 8 9 11 13 14 15 16 18 19 20 21
13 4 6 8 10 11 13 14 15 16 18 19 20 21
15 1 4 5 6 8 10 11 13 14 15 16 18 19 20 21
17 1 2 3 4 5 6 8 10 11 13 14 15 16 18 19 20 21
15 2 4 6 7 8 10 11 13 14 15 16 18 19 20 21
17 1 2 3 4 6 7 8 10 11 13 14 15 16 18 19 20 21
17 1 2 4 5 6 7 8 10 11 13 14 15 16 18 19 20 21
18 1 2 3 4 5 6 7 8 10 11 13 14 15 16 18 19 20 21
15 2 4 6 8 9 10 11 13 14 15 16 18 19 20 21
17 1 2 3 4 6 8 9 10 11 13 14 15 16 18 19 20 21
17 1 2 4 5 6 8 9 10 11 13 14 15 16 18 19 20 21
18 1 2 3 4 5 6 8 9 10 11 13 14 15 16 18 19 20 21
16 2 4 6 7 8 9 10 11 13 14 15 16 18 19 20 21
18 1 2 3 4 6 7 8 9 10 11 13 14 15 16 18 19 20 21
18 1 2 4 5 6 7 8 9 10 11 13 14 15 16 18 19 20 21
19 1 2 3 4 5 6 7 8 9 10 11 13 14 15 16 18 19 20 21
13 4 6 8 11 12 13 14 15 16 18 19 20 21
15 1 4 5 6 8 11 12 13 14 15 16 18 19 20 21
17 1 2 3 4 5 6 8 11 12 13 14 15 16 18 19 20 21
15 2 4 6 7 8 11 12 13 14 15 16 18 19 20 21
17 1 2 3 4 6 7 8 11 12 13 14 15 16 18 19 20 21
17 1 2 4 5 6 7 8 11 12 13 14 15 16 18 19 20 21
18 1 2 3 4 5 6 7 8 11 12 13 14 15 16 18 19 20 21
15 2 4 6 8 9 11 12 13 14 15 16 18 19 20 21
17 1 2 3 4 6 8 9 11 12 13 14 15 16 18 19 20 21
17 1 2 4 5 6 8 9 11 12 13 14 15 16 18 19 20 21
18 1 2 3 4 5 6 8 9 11 12 13 14 15 16 18 19 20 21
16 2 4 6 7 8 9 11 12 13 14 15 16 18 19 20 21
18 1 2 3 4 6 7 8 9 11 12 13 14 15 16 18 19 20 21
18 1 2 4 5 6 7 8 9 11 12 13 14 15 16 18 19 20 21
19 1 2 3 4 5 6 7 8 9 11 12 13 14 15 16 18 19 20 21
14 4 6 8 10 11 12 13 14 15 16 18 19 20 21
16 1 4 5 6 8 10 11 12 13 14 15 16 18 19 20 21
18 1 2 3 4 5 6 8 10 11 12 13 14 15 16 18 19 20 21
16 2 4 6 7 8 10 11 12 13 14 15 16 18 19 20 21
18 1 2 3 4 6 7 8 10 11 12 13 14 15 16 18 19 20 21
18 1 2 4 5 6 7 8 10 11 12 13 14 15 16 18 19 20 21
19 1 2 3 4 5 6 7 8 10 11 12 13 14 15 16 18 19 20 21
16 2 4 6 8 9 10 11 12 13 14 15 16 18 19 20 21
18 1 2 3 4 6 8 9 10 11 12 13 14 15 16 18 19 20 21
18 1 2 4 5 6 8 9 10 11 12 13 14 15 16 18 19 20 21
19 1 2 3 4 5 6 8 9 10 11 12 13 14 15 16 18 19 20 21
17 2 4 6 7 8 9 10 11 12 13 14 15 16 18 19 20 21
19 1 2 3 4 6 7 8 9 10 11 12 13 14 15 16 18 19 20 21
19 1 2 4 5 6 7 8 9 10 11 12 13 14 15 16 18 19 20 21
20 1 2 3 4 5 6 7 8 9 10 11 12 13 14 15 16 18 19 20 21
9 8 11 13 16 17 18 19 20 21
11 2 8 9 11 13 16 17 18 19 20 21
13 1 2 3 8 9 11 13 16 17 18 19 20 21
15 1 2 3 4 5 8 9 11 13 16 17 18 19 20 21
13 2 6 7 8 9 11 13 16 17 18 19 20 21
15 1 2 3 6 7 8 9 11 13 16 17 18 19 20 21
17 1 2 3 4 5 6 7 8 9 11 13 16 17 18 19 20 21
11 4 8 10 11 13 16 17 18 19 20 21
13 1 4 5 8 10 11 13 16 17 18 19 20 21
15 1 2 3 4 5 8 10 11 13 16 17 18 19 20 21
17 1 2 3 4 5 6 7 8 10 11 13 16 17 18 19 20 21
13 2 4 8 9 10 11 13 16 17 18 19 20 21
15 1 2 3 4 8 9 10 11 13 16 17 18 19 20 21
15 1 2 4 5 8 9 10 11 13 16 17 18 19 20 21
16 1 2 3 4 5 8 9 10 11 13 16 17 18 19 20 21
15 2 4 6 7 8 9 10 11 13 16 17 18 19 20 21
17 1 2 3 4 6 7 8 9 10 11 13 16 17 18 19 20 21
17 1 2 4 5 6 7 8 9 10 11 13 16 17 18 19 20 21
18 1 2 3 4 5 6 7 8 9 10 11 13 16 17 18 19 20 21
11 4 8 11 12 13 16 17 18 19 20 21
13 1 4 5 8 11 12 13 16 17 18 19 20 21
15 1 2 3 4 5 8 11 12 13 16 17 18 19 20 21
17 1 2 3 4 5 6 7 8 11 12 13 16 17 18 19 20 21
13 2 4 8 9 11 12 13 16 17 18 19 20 21
15 1 2 3 4 8 9 11 12 13 16 17 18 19 20 21
15 1 2 4 5 8 9 11 12 13 16 17 18 19 20 21
16 1 2 3 4 5 8 9 11 12 13 16 17 18 19 20 21
15 2 4 6 7 8 9 11 12 13 16 17 18 19 20 21
17 1 2 3 4 6 7 8 9 11 12 13 16 17 18 19 20 21
17 1 2 4 5 6 7 8 9 11 12 13 16 17 18 19 20 21
18 1 2 3 4 5 6 7 8 9 11 12 13 16 17 18 19 20 21
12 4 8 10 11 12 13 16 17 18 19 20 21
14 1 4 5 8 10 11 12 13 16 17 18 19 20 21
16 1 2 3 4 5 8 10 11 12 13 16 17 18 19 20 21
18 1 2 3 4 5 6 7 8 10 11 12 13 16 17 18 19 20 21
14 2 4 8 9 10 11 12 13 16 17 18 19 20 21
16 1 2 3 4 8 9 10 11 12 13 16 17 18 19 20 21
16 1 2 4 5 8 9 10 11 12 13 16 17 18 19 20 21
17 1 2 3 4 5 8 9 10 11 12 13 16 17 18 19 20 21
16 2 4 6 7 8 9 10 11 12 13 16 17 18 19 20 21
18 1 2 3 4 6 7 8 9 10 11 12 13 16 17 18 19 20 21
18 1 2 4 5 6 7 8 9 10 11 12 13 16 17 18 19 20 21
19 1 2 3 4 5 6 7 8 9 10 11 12 13 16 17 18 19 20 21
11 6 8 11 13 14 16 17 18 19 20 21
13 2 6 7 8 11 13 14 16 17 18 19 20 21
15 1 2 3 6 7 8 11 13 14 16 17 18 19 20 21
17 1 2 3 4 5 6 7 8 11 13 14 16 17 18 19 20 21
13 2 6 8 9 11 13 14 16 17 18 19 20 21
15 1 2 3 6 8 9 11 13 14 16 17 18 19 20 21
17 1 2 3 4 5 6 8 9 11 13 14 16 17 18 19 20 21
14 2 6 7 8 9 11 13 14 16 17 18 19 20 21
16 1 2 3 6 7 8 9 11 13 14 16 17 18 19 20 21
18 1 2 3 4 5 6 7 8 9 11 13 14 16 17 18 19 20 21
13 4 6 8 10 11 13 14 16 17 18 19 20 21
15 1 4 5 6 8 10 11 13 14 16 17 18 19 20 21
17 1 2 3 4 5 6 8 10 11 13 14 16 17 18 19 20 21
15 2 4 6 7 8 10 11 13 14 16 17 18 19 20 21
17 1 2 3 4 6 7 8 10 11 13 14 16 17 18 19 20 21
17 1 2 4 5 6 7 8 10 11 13 14 16 17 18 19 20 21
18 1 2 3 4 5 6 7 8 10 11 13 14 16 17 18 19 20 21
15 2 4 6 8 9 10 11 13 14 16 17 18 19 20 21
17 1 2 3 4 6 8 9 10 11 13 14 16 17 18 19 20 21
17 1 2 4 5 6 8 9 10 11 13 14 16 17 18 19 20 21
18 1 2 3 4 5 6 8 9 10 11 13 14 16 17 18 19 20 21
16 2 4 6 7 8 9 10 11 13 14 16 17 18 19 20 21
18 1 2 3 4 6 7 8 9 10 11 13 14 16 17 18 19 20 21
18 1 2 4 5 6 7 8 9 10 11 13 14 16 17 18 19 20 21
19 1 2 3 4 5 6 7 8 9 10 11 13 14 16 17 18 19 20 21
13 4 6 8 11 12 13 14 16 17 18 19 20 21
15 1 4 5 6 8 11 12 13 14 16 17 18 19 20 21
17 1 2 3 4 5 6 8 11 12 13 14 16 17 18 19 20 21
15 2 4 6 7 8 11 12 13 14 16 17 18 19 20 21
17 1 2 3 4 6 7 8 11 12 13 14 16 17 18 19 20 21
17 1 2 4 5 6 7 8 11 12 13 14 16 17 18 19 20 21
18 1 2 3 4 5 6 7 8 11 12 13 14 16 17 18 19 20 21
15 2 4 6 8 9 11 12 13 14 16 17 18 19 20 21
17 1 2 3 4 6 8 9 11 12 13 14 16 17 18 19 20 21
17 1 2 4 5 6 8 9 11 12 13 14 16 17 18 19 20 21
18 1 2 3 4 5 6 8 9 11 12 13 14 16 17 18 19 20 21
16 2 4 6 7 8 9 11 12 13 14 16 17 18 19 20 21
18 1 2 3 4 6 7 8 9 11 12 13 14 16 17 18 19 20 21
18 1 2 4 5 6 7 8 9 11 12 13 14 16 17 18 19 20 21
19 1 2 3 4 5 6 7 8 9 11 12 13 14 16 17 18 19 20 21
14 4 6 8 10 11 12 13 14 16 17 18 19 20 21
16 1 4 5 6 8 10 11 12 13 14 16 17 18 19 20 21
18 1 2 3 4 5 6 8 10 11 12 13 14 16 17 18 19 20 21
16 2 4 6 7 8 10 11 12 13 14 16 17 18 19 20 21
18 1 2 3 4 6 7 8 10 11 12 13 14 16 17 18 19 20 21
18 1 2 4 5 6 7 8 10 11 12 13 14 16 17 18 19 20 21
19 1 2 3 4 5 6 7 8 10 11 12 13 14 16 17 18 19 20 21
16 2 4 6 8 9 10 11 12 13 14 16 17 18 19 20 21
18 1 2 3 4 6 8 9 10 11 12 13 14 16 17 18 19 20 21
18 1 2 4 5 6 8 9 10 11 12 13 14 16 17 18 19 20 21
19 1 2 3 4 5 6 8 9 10 11 12 13 14 16 17 18 19 20 21
17 2 4 6 7 8 9 10 11 12 13 14 16 17 18 19 20 21
19 1 2 3 4 6 7 8 9 10 11 12 13 14 16 17 18 19 20 21
19 1 2 4 5 6 7 8 9 10 11 12 13 14 16 17 18 19 20 21
20 1 2 3 4 5 6 7 8 9 10 11 12 13 14 16 17 18 19 20 21
10 8 11 13 15 16 17 18 19 20 21
12 2 8 9 11 13 15 16 17 18 19 20 21
14 1 2 3 8 9 11 13 15 16 17 18 19 20 21
16 1 2 3 4 5 8 9 11 13 15 16 17 18 19 20 21
14 2 6 7 8 9 11 13 15 16 17 18 19 20 21
16 1 2 3 6 7 8 9 11 13 15 16 17 18 19 20 21
18 1 2 3 4 5 6 7 8 9 11 13 15 16 17 18 19 20 21
12 4 8 10 11 13 15 16 17 18 19 20 21
14 1 4 5 8 10 11 13 15 16 17 18 19 20 21
16 1 2 3 4 5 8 10 11 13 15 16 17 18 19 20 21
18 1 2 3 4 5 6 7 8 10 11 13 15 16 17 18 19 20 21
14 2 4 8 9 10 11 13 15 16 17 18 19 20 21
16 1 2 3 4 8 9 10 11 13 15 16 17 18 19 20 21
16 1 2 4 5 8 9 10 11 13 15 16 17 18 19 20 21
17 1 2 3 4 5 8 9 10 11 13 15 16 17 18 19 20 21
16 2 4 6 7 8 9 10 11 13 15 16 17 18 19 20 21
18 1 2 3 4 6 7 8 9 10 11 13 15 16 17 18 19 20 21
18 1 2 4 5 6 7 8 9 10 11 13 15 16 17 18 19 20 21
19 1 2 3 4 5 6 7 8 9 10 11 13 15 16 17 18 19 20 21
12 4 8 11 12 13 15 16 17 18 19 20 21
14 1 4 5 8 11 12 13 15 16 17 18 19 20 21
16 1 2 3 4 5 8 11 12 13 15 16 17 18 19 20 21
18 1 2 3 4 5 6 7 8 11 12 13 15 16 17 18 19 20 21
14 2 4 8 9 11 12 13 15 16 17 18 19 20 21
16 1 2 3 4 8 9 11 12 13 15 16 17 18 19 20 21
16 1 2 4 5 8 9 11 12 13 15 16 17 18 19 20 21
17 1 2 3 4 5 8 9 11 12 13 15 16 17 18 19 20 21
16 2 4 6 7 8 9 11 12 13 15 16 17 18 19 20 21
18 1 2 3 4 6 7 8 9 11 12 13 15 16 17 18 19 20 21
18 1 2 4 5 6 7 8 9 11 12 13 15 16 17 18 19 20 21
19 1 2 3 4 5 6 7 8 9 11 12 13 15 16 17 18 19 20 21
13 4 8 10 11 12 13 15 16 17 18 19 20 21
15 1 4 5 8 10 11 12 13 15 16 17 18 19 20 21
17 1 2 3 4 5 8 10 11 12 13 15 16 17 18 19 20 21
19 1 2 3 4 5 6 7 8 10 11 12 13 15 16 17 18 19 20 21
15 2 4 8 9 10 11 12 13 15 16 17 18 19 20 21
17 1 2 3 4 8 9 10 11 12 13 15 16 17 18 19 20 21
17 1 2 4 5 8 9 10 11 12 13 15 16 17 18 19 20 21
18 1 2 3 4 5 8 9 10 11 12 13 15 16 17 18 19 20 21
17 2 4 6 7 8 9 10 11 12 13 15 16 17 18 19 20 21
19 1 2 3 4 6 7 8 9 10 11 12 13 15 16 17 18 19 20 21
19 1 2 4 5 6 7 8 9 10 11 12 13 15 16 17 18 19 20 21
20 1 2 3 4 5 6 7 8 9 10 11 12 13 15 16 17 18 19 20 21
12 6 8 11 13 14 15 16 17 18 19 20 21
14 2 6 7 8 11 13 14 15 16 17 18 19 20 21
16 1 2 3 6 7 8 11 13 14 15 16 17 18 19 20 21
18 1 2 3 4 5 6 7 8 11 13 14 15 16 17 18 19 20 21
14 2 6 8 9 11 13 14 15 16 17 18 19 20 21
16 1 2 3 6 8 9 11 13 14 15 16 17 18 19 20 21
18 1 2 3 4 5 6 8 9 11 13 14 15 16 17 18 19 20 21
15 2 6 7 8 9 11 13 14 15 16 17 18 19 20 21
17 1 2 3 6 7 8 9 11 13 14 15 16 17 18 19 20 21
19 1 2 3 4 5 6 7 8 9 11 13 14 15 16 17 18 19 20 21
14 4 6 8 10 11 13 14 15 16 17 18 19 20 21
16 1 4 5 6 8 10 11 13 14 15 16 17 18 19 20 21
18 1 2 3 4 5 6 8 10 11 13 14 15 16 17 18 19 20 21
16 2 4 6 7 8 10 11 13 14 15 16 17 18 19 20 21
18 1 2 3 4 6 7 8 10 11 13 14 15 16 17 18 19 20 21
18 1 2 4 5 6 7 8 10 11 13 14 15 16 17 18 19 20 21
19 1 2 3 4 5 6 7 8 10 11 13 14 15 16 17 18 19 20 21
16 2 4 6 8 9 10 11 13 14 15 16 17 18 19 20 21
18 1 2 3 4 6 8 9 10 11 13 14 15 16 17 18 19 20 21
18 1 2 4 5 6 8 9 10 11 13 14 15 16 17 18 19 20 21
19 1 2 3 4 5 6 8 9 10 11 13 14 15 16 17 18 19 20 21
17 2 4 6 7 8 9 10 11 13 14 15 16 17 18 19 20 21
19 1 2 3 4 6 7 8 9 10 11 13 14 15 16 17 18 19 20 21
19 1 2 4 5 6 7 8 9 10 11 13 14 15 16 17 18 19 20 21
20 1 2 3 4 5 6 7 8 9 10 11 13 14 15 16 17 18 19 20 21
14 4 6 8 11 12 13 14 15 16 17 18 19 20 21
16 1 4 5 6 8 11 12 13 14 15 16 17 18 19 20 21
18 1 2 3 4 5 6 8 11 12 13 14 15 16 17 18 19 20 21
16 2 4 6 7 8 11 12 13 14 15 16 17 18 19 20 21
18 1 2 3 4 6 7 8 11 12 13 14 15 16 17 18 19 20 21
18 1 2 4 5 6 7 8 11 12 13 14 15 16 17 18 19 20 21
19 1 2 3 4 5 6 7 8 11 12 13 14 15 16 17 18 19 20 21
16 2 4 6 8 9 11 12 13 14 15 16 17 18 19 20 21
18 1 2 3 4 6 8 9 11 12 13 14 15 16 17 18 19 20 21
18 1 2 4 5 6 8 9 11 12 13 14 15 16 17 18 19 20 21
19 1 2 3 4 5 6 8 9 11 12 13 14 15 16 17 18 19 20 21
17 2 4 6 7 8 9 11 12 13 14 15 16 17 18 19 20 21
19 1 2 3 4 6 7 8 9 11 12 13 14 15 16 17 18 19 20 21
19 1 2 4 5 6 7 8 9 11 12 13 14 15 16 17 18 19 20 21
20 1 2 3 4 5 6 7 8 9 11 12 13 14 15 16 17 18 19 20 21
15 4 6 8 10 11 12 13 14 15 16 17 18 19 20 21
17 1 4 5 6 8 10 11 12 13 14 15 16 17 18 19 20 21
19 1 2 3 4 5 6 8 10 11 12 13 14 15 16 17 18 19 20 21
17 2 4 6 7 8 10 11 12 13 14 15 16 17 18 19 20 21
19 1 2 3 4 6 7 8 10 11 12 13 14 15 16 17 18 19 20 21
19 1 2 4 5 6 7 8 10 11 12 13 14 15 16 17 18 19 20 21
20 1 2 3 4 5 6 7 8 10 11 12 13 14 15 16 17 18 19 20 21
17 2 4 6 8 9 10 11 12 13 14 15 16 17 18 19 20 21
19 1 2 3 4 6 8 9 10 11 12 13 14 15 16 17 18 19 20 21
19 1 2 4 5 6 8 9 10 11 12 13 14 15 16 17 18 19 20 21
20 1 2 3 4 5 6 8 9 10 11 12 13 14 15 16 17 18 19 20 21
18 2 4 6 7 8 9 10 11 12 13 14 15 16 17 18 19 20 21
20 1 2 3 4 6 7 8 9 10 11 12 13 14 15 16 17 18 19 20 21
20 1 2 4 5 6 7 8 9 10 11 12 13 14 15 16 17 18 19 20 21
21 1 2 3 4 5 6 7 8 9 10 11 12 13 14 15 16 17 18 19 20 21
