193 151
1 115
1 171
2 4
2 164
2 171
4 5
6 7
6 171
10 11
10 31
11 89
19 84
19 85
20 23
20 26
22 29
23 131
25 94
25 100
26 27
26 28
27 100
28 58
29 67
29 68
30 31
31 34
31 38
33 38
36 39
36 150
37 149
37 160
38 138
40 41
40 42
41 46
42 146
42 178
44 45
44 47
44 159
45 49
46 172
49 172
50 51
50 56
50 183
53 58
53 169
55 58
56 59
57 169
59 169
60 168
61 122
61 168
62 64
62 80
62 88
62 145
63 64
63 79
65 145
66 80
66 103
67 68
67 69
67 70
67 79
67 145
69 168
70 144
71 72
71 144
72 73
73 132
78 94
79 144
82 83
82 84
82 88
82 89
83 84
83 104
87 88
90 93
90 95
90 167
91 167
91 170
93 170
94 95
97 167
98 143
98 152
101 151
103 110
104 109
106 108
106 167
108 109
110 170
112 121
112 138
114 115
115 117
117 121
122 125
124 125
124 126
124 127
126 129
128 129
128 131
132 135
134 135
134 137
137 187
138 139
139 187
143 179
143 186
146 151
146 152
146 177
147 148
147 149
148 153
149 173
150 173
151 152
151 192
152 153
153 154
155 156
155 173
156 159
158 164
160 161
161 165
163 164
164 172
177 178
179 180
180 181
181 183
186 187
187 190
190 191
191 192
