67 95
0 3
0 65
1 3
2 58
2 66
4 7
4 33
4 48
5 6
5 7
6 33
8 9
8 26
8 43
8 63
9 12
9 26
9 63
10 11
10 33
10 39
10 48
10 59
10 64
11 50
12 13
12 14
12 34
13 28
13 30
14 16
15 29
15 38
16 17
16 23
17 34
17 38
18 19
19 20
19 34
19 37
19 46
20 22
21 22
21 34
23 24
24 25
25 36
26 27
26 63
28 43
29 30
29 34
29 43
30 44
31 51
31 52
31 53
32 52
32 53
34 37
35 36
37 38
37 45
37 46
38 46
39 42
39 46
39 51
39 56
40 41
41 42
42 43
42 46
43 44
43 63
45 46
46 53
47 49
47 54
48 49
48 53
49 50
51 56
52 56
53 54
55 62
57 58
57 66
59 61
60 61
61 62
62 64
64 65
65 66
