82 106
0 23
1 39
1 47
1 49
1 50
2 25
2 49
2 62
3 42
3 68
4 20
4 22
4 39
5 26
5 28
5 34
5 60
6 58
6 62
6 80
7 29
7 59
8 70
9 40
9 45
9 54
10 41
10 54
11 46
11 54
11 58
12 31
12 74
13 54
14 48
14 51
14 54
15 54
16 30
17 50
17 59
18 42
19 46
20 21
21 40
21 49
21 53
21 64
21 72
23 24
23 32
23 44
23 58
24 34
24 69
25 34
26 70
27 56
27 63
27 67
27 78
30 59
30 63
31 62
32 55
33 34
33 56
33 69
34 36
34 37
35 56
36 56
37 55
37 73
38 64
38 76
38 77
40 60
40 62
43 61
43 62
45 58
45 79
46 72
47 51
47 55
47 79
49 62
50 56
51 64
52 77
56 66
56 75
57 76
59 75
60 77
61 65
62 71
62 81
64 69
64 80
66 74
68 70
68 73
70 74
76 80
