110 148
0 35
0 103
1 39
1 65
2 3
2 55
2 101
3 49
3 101
4 5
4 48
5 33
6 19
6 33
7 8
7 18
7 19
7 64
8 9
8 64
9 39
10 17
10 22
10 31
10 37
10 82
10 83
11 21
11 72
11 73
11 106
12 19
12 26
12 27
12 52
13 61
13 104
13 105
14 15
14 44
15 44
16 24
16 27
16 56
16 72
16 89
17 17
17 23
18 26
18 27
18 47
20 31
20 72
21 46
23 31
24 27
25 28
25 52
28 29
29 77
30 84
30 85
30 99
30 100
32 33
32 43
32 66
32 74
33 45
34 46
34 102
34 104
35 53
35 75
36 39
36 53
36 75
37 58
37 61
38 48
38 49
38 52
38 54
40 41
40 68
40 71
40 80
40 81
41 62
41 68
41 71
42 43
42 68
42 79
42 109
43 69
43 78
43 79
43 81
44 53
44 60
45 64
45 67
45 74
46 47
47 73
48 49
49 70
50 51
50 57
50 93
50 95
51 88
51 89
51 93
53 59
54 55
55 92
56 57
56 77
57 92
57 96
57 97
58 107
59 60
63 70
63 71
63 84
63 98
65 67
66 109
69 109
73 73
76 87
76 88
78 80
82 83
84 101
85 90
86 94
86 95
87 94
90 91
91 101
94 108
102 103
105 106
106 107
