73 95
0 1
0 3
1 6
1 71
2 3
2 64
2 66
3 31
4 6
4 41
5 6
5 10
5 42
6 7
6 10
7 36
7 41
8 26
9 24
9 29
10 11
10 55
11 55
12 37
12 47
13 32
13 38
14 15
14 46
15 27
15 32
15 34
15 46
16 17
16 23
16 44
17 42
18 19
18 53
19 20
19 22
19 23
19 53
20 49
21 22
21 55
22 23
22 25
23 24
23 25
24 25
24 48
24 61
26 29
26 61
27 28
28 40
29 69
30 68
31 62
33 34
33 51
34 37
34 47
35 36
35 62
38 39
39 40
41 42
41 44
43 46
44 46
45 46
45 51
45 60
46 48
46 51
47 60
49 50
50 56
52 53
53 55
53 59
54 55
56 57
57 58
58 59
63 64
63 72
65 66
66 67
67 68
68 70
70 71
71 72
