127 129
0 102
1 102
2 102
3 102
4 102
5 102
6 102
7 102
8 102
9 102
10 13
10 46
10 59
11 66
12 13
13 18
13 19
13 39
13 40
13 41
13 42
13 43
13 45
13 46
14 66
15 66
16 66
17 66
20 43
21 43
22 43
23 43
24 43
25 43
26 43
27 126
28 126
29 126
30 126
31 126
32 126
33 126
34 126
35 126
36 126
37 43
38 43
43 44
43 65
43 68
43 89
43 90
43 91
43 92
43 93
43 94
43 95
43 96
43 97
43 98
43 99
43 100
43 113
43 114
43 115
43 116
43 117
43 118
46 60
46 66
47 50
48 50
49 50
50 55
50 56
50 57
50 58
50 59
50 61
50 62
50 63
50 64
50 72
51 72
52 72
53 72
54 72
59 60
60 102
66 67
69 72
70 72
71 72
72 73
72 74
72 75
72 76
72 77
72 78
72 79
72 80
72 81
72 82
72 83
72 84
72 85
72 86
72 87
72 88
72 126
101 102
102 126
103 126
104 126
105 126
106 126
107 126
108 126
109 126
110 126
111 126
112 126
119 120
119 121
119 122
119 123
119 124
119 125
119 126
