84 93
0 43
0 44
1 44
1 45
1 71
2 3
2 56
3 53
4 10
4 65
5 25
5 27
5 52
5 65
6 54
6 71
7 29
7 30
8 9
8 75
9 10
10 55
11 55
11 60
12 59
12 66
13 36
13 55
13 75
14 19
14 58
15 19
15 58
16 18
16 63
17 49
17 78
18 21
18 22
18 31
19 32
19 33
19 38
19 59
20 22
20 48
21 61
23 25
23 31
24 28
24 31
26 27
26 28
29 75
30 45
33 60
34 79
34 81
34 82
35 40
35 53
36 80
37 38
37 60
38 59
39 40
40 41
41 42
41 43
46 47
46 69
47 78
48 54
49 72
50 62
50 70
51 67
51 72
52 60
55 66
56 83
57 58
57 64
61 69
62 63
67 68
68 69
68 70
73 74
74 78
76 77
77 78
77 79
