74 92
0 35
0 38
0 50
1 15
1 24
1 61
2 40
2 42
2 61
3 35
3 36
3 69
4 40
5 40
6 12
7 40
8 14
8 30
8 39
9 29
10 40
11 40
12 15
12 22
13 24
14 42
16 17
17 40
17 41
17 42
18 49
18 60
18 62
19 20
19 47
19 63
20 34
20 51
21 22
21 25
21 70
22 25
22 34
23 26
23 29
23 43
24 29
26 29
27 40
28 55
28 62
29 31
29 48
29 50
30 35
31 48
32 63
33 42
33 46
35 70
36 70
37 38
37 50
39 50
40 41
42 45
43 44
43 45
44 46
47 55
47 63
49 60
49 66
50 54
50 56
50 65
51 55
52 64
53 60
57 64
58 64
59 64
64 72
65 70
65 73
66 69
67 68
67 69
68 70
69 70
70 71
72 73
