53 89
0 1
0 6
1 10
1 44
1 49
1 52
2 3
2 6
4 5
4 6
4 7
4 8
4 37
4 38
5 7
5 8
5 9
5 27
5 28
5 34
6 7
8 18
8 25
8 30
8 34
9 38
10 11
10 12
11 46
11 48
12 48
12 49
13 22
14 15
14 34
15 16
15 32
15 33
15 34
16 17
17 18
17 34
18 34
19 20
19 42
20 21
20 22
21 42
22 41
23 36
23 37
24 31
24 35
24 46
25 28
26 32
27 28
27 30
28 30
29 49
31 46
31 47
32 34
33 34
33 39
34 37
34 39
34 41
35 36
35 37
35 41
35 42
37 38
37 39
37 42
39 40
40 41
41 42
43 51
43 52
44 45
44 49
45 46
46 47
47 50
49 50
49 52
50 51
51 52
