92 96
0 32
0 41
1 32
1 33
2 3
2 78
3 4
4 5
5 6
6 7
7 11
8 9
8 11
9 41
10 11
10 62
12 64
12 65
13 29
13 77
14 52
14 70
15 25
15 51
16 64
16 67
17 60
17 61
18 30
18 33
19 31
20 21
20 23
21 46
22 23
22 83
24 25
24 27
24 28
26 47
26 79
27 47
28 51
29 51
30 31
33 34
34 55
35 82
35 83
36 55
36 82
36 91
37 39
37 91
38 39
38 90
40 46
40 79
42 43
42 49
43 74
44 75
44 76
45 50
45 76
45 85
46 73
46 78
47 48
48 80
49 81
50 77
52 53
53 60
54 57
54 72
56 57
56 59
58 59
58 61
62 65
63 86
63 87
66 67
66 69
68 69
68 71
70 71
72 73
74 75
80 81
84 85
84 86
87 88
88 89
89 90
