88 92
0 28
0 37
1 28
1 29
2 3
2 74
3 4
4 5
5 6
6 7
7 11
8 9
8 11
9 37
10 11
10 58
12 60
12 61
13 27
13 73
14 48
14 66
15 23
15 47
16 60
16 63
17 56
17 57
18 19
18 21
19 42
20 21
20 79
22 23
22 25
22 26
24 43
24 75
25 43
26 47
27 47
29 30
30 51
31 78
31 79
32 51
32 78
32 87
33 35
33 87
34 35
34 86
36 42
36 75
38 39
38 45
39 70
40 71
40 72
41 46
41 72
41 81
42 69
42 74
43 44
44 76
45 77
46 73
48 49
49 56
50 53
50 68
52 53
52 55
54 55
54 57
58 61
59 82
59 83
62 63
62 65
64 65
64 67
66 67
68 69
70 71
76 77
80 81
80 82
83 84
84 85
85 86
