149 193
0 14
1 17
2 3
2 128
3 125
4 5
4 16
5 6
6 7
7 8
8 9
9 14
10 16
10 46
11 95
11 98
11 100
12 117
13 147
14 94
15 125
15 131
16 95
17 94
17 132
18 41
18 103
19 59
19 142
20 80
20 81
20 133
20 134
20 141
20 144
21 23
21 26
22 23
22 142
24 25
24 27
24 81
25 50
25 89
26 27
27 144
28 54
28 142
29 51
29 139
29 142
30 126
31 62
31 72
32 35
32 129
33 61
33 129
34 72
34 73
35 73
36 39
36 75
37 75
37 122
38 76
38 77
39 70
40 63
40 64
40 65
40 66
41 44
41 47
41 98
41 101
41 104
41 105
41 106
42 43
42 148
43 137
44 45
44 48
45 48
45 128
49 127
49 128
50 57
51 87
51 117
51 140
52 53
52 55
52 143
53 58
54 55
56 57
56 59
58 117
58 142
60 130
61 62
61 130
62 131
64 65
64 126
66 102
67 102
67 107
68 83
68 130
69 130
70 77
70 118
70 120
70 125
71 88
71 129
72 123
74 112
74 145
76 122
77 116
78 85
78 129
79 80
79 81
79 86
81 82
82 85
83 84
83 130
84 130
86 129
87 112
87 117
87 145
88 89
90 111
90 140
91 92
91 109
92 94
93 94
93 96
93 100
94 99
95 96
97 100
97 103
99 103
101 102
103 106
105 108
107 108
107 110
109 110
110 121
111 112
112 135
112 145
113 116
113 120
114 115
114 120
114 130
115 116
116 121
118 119
119 120
120 130
123 124
123 131
124 131
124 141
125 131
125 132
126 127
130 131
133 141
133 148
134 141
135 136
135 146
136 147
137 138
138 140
139 144
140 144
144 148
145 146
146 147
