93 103
0 1
1 56
2 3
2 5
2 73
3 4
4 5
4 17
4 49
4 79
6 7
10 56
11 16
12 72
13 56
14 15
14 17
15 17
15 51
16 34
16 55
18 28
18 35
18 77
19 47
19 57
20 21
20 22
20 24
21 26
22 23
22 84
23 27
24 25
25 27
25 56
26 88
28 29
28 30
28 39
28 40
28 63
28 85
29 78
31 63
31 64
31 65
31 66
31 68
32 57
33 42
33 57
33 65
36 37
37 77
40 64
41 42
41 59
41 62
42 60
43 48
43 55
44 46
44 50
44 55
45 46
46 51
47 58
49 50
51 52
51 55
53 71
54 61
54 67
55 56
55 58
56 58
57 58
57 59
57 61
57 67
67 70
69 72
73 74
74 80
75 81
75 90
76 82
76 90
77 78
79 80
80 81
80 82
83 84
83 87
85 86
85 89
86 87
87 90
87 92
88 89
90 91
91 92
